# Format: McCode with text headers
# URL: http://www.mccode.org
# Creator: McStas 2.5 - Dec. 12, 2018
# Instrument: ISIS_SANS2d.instr
# Ncount: 1000000
# Trace: no
# Gravitation: no
# Seed: 1574373275
# Directory: /Users/peterkonik/JOB/git_repos/NERA/ISIS_SANS2d_20191121_162614
# Param: L1=3.926
# Param: A1w=0.03
# Param: A1h=0.02
# Param: S6=0.006
# Param: A2=0.006
# Param: Lmin=1
# Param: Lmax=14
# Date: Thu Nov 21 16:26:17 2019 (1574342777)
# type: array_2d(100, 100)
# Source: ISIS_SANS2d (ISIS_SANS2d.instr)
# component: psd3
# position: 0.241648 0 15.2328
# title: PSD monitor
# Ncount: 1000000
# filename: psd3.dat
# statistics: X0=-0.0136472; dX=0.86887; Y0=0.000370625; dY=0.579651;
# signal: Min=0; Max=74103.6; Mean=10097.7;
# values: 1.00977e+08 180129 543674
# xvar: X 
# yvar: Y 
# xlabel: X position [cm]
# ylabel: Y position [cm]
# zvar: I
# zlabel: Signal per bin
# xylimits: -3 3 -3 3
# variables: I I_err N
# Data [psd3/psd3.dat] I:
0 0 0 0 0 0 0 0 0 0 0 0 0 0 0 0 0 0 0 0 0 0 0 0 0 0 0 0 0 0 0 0 0 0 0 0 0 0 0 0 0 0 0 0 0 0 0 0 0 0 0 0 0 0 0 0 0 0 0 0 0 0 0 0 0 0 0 0 0 0 0 0 0 0 0 0 0 0 0 0 0 0 0 0 0 0 0 0 0 0 0 0 0 0 0 0 0 0 0 0 
0 0 0 0 0 0 0 0 0 0 0 0 0 0 0 0 0 0 0 0 0 0 0 0 0 0 0 0 0 0 0 0 0 0 0 0 0 0 0 0 0 0 0 0 0 0 0 0 0 0 0 0 0 0 0 0 0 0 0 0 0 0 0 0 0 0 0 0 0 0 0 0 0 0 0 0 0 0 0 0 0 0 0 0 0 0 0 0 0 0 0 0 0 0 0 0 0 0 0 0 
0 0 0 0 0 0 0 0 0 0 0 0 0 0 0 0 0 0 0 0 0 0 0 0 0 0 0 0 0 0 0 0 0 0 0 0 0 0 0 0 0 0 0 0 0 0 0 0 0 0 0 0 0 0 0 0 0 0 0 0 0 0 0 0 0 0 0 0 0 0 0 0 0 0 0 0 0 0 0 0 0 0 0 0 0 0 0 0 0 0 0 0 0 0 0 0 0 0 0 0 
0 0 0 0 0 0 0 0 0 0 0 0 0 0 0 0 0 0 0 0 0 0 0 0 0 0 0 0 0 0 0 0 0 0 0 0 0 0 0 0 0 0 0 0 0 0 0 0 0 0 0 0 0 0 0 0 0 0 0 0 0 0 0 0 0 0 0 0 0 0 0 0 0 0 0 0 0 0 0 0 0 0 0 0 0 0 0 0 0 0 0 0 0 0 0 0 0 0 0 0 
0 0 0 0 0 0 0 0 0 0 0 0 0 0 0 0 0 0 0 0 0 0 0 0 0 0 0 0 0 0 0 0 0 0 0 0 0 0 0 0 0 0 0 0 0 0 0 0 0 0 0 0 0 0 0 0 0 0 0 0 0 0 0 0 0 0 0 0 0 0 0 0 0 0 0 0 0 0 0 0 0 0 0 0 0 0 0 0 0 0 0 0 0 0 0 0 0 0 0 0 
0 0 0 0 0 0 0 0 0 0 0 0 0 0 0 0 0 0 0 0 0 0 0 0 0 0 0 0 0 0 0 0 0 0 0 0 0 0 0 0 0 0 0 0 0 0 0 0 0 0 0 0 0 0 0 0 0 0 0 0 0 0 0 0 0 0 0 0 0 0 0 0 0 0 0 0 0 0 0 0 0 0 0 0 0 0 0 0 0 0 0 0 0 0 0 0 0 0 0 0 
0 0 0 0 0 0 0 0 0 0 0 0 0 0 0 0 0 0 0 0 0 0 0 0 0 0 0 0 0 0 0 0 0 0 0 0 0 0 0 0 0 0 0 0 0 0 0 0 0 0 0 0 0 0 0 0 0 0 0 0 0 0 0 0 0 0 0 0 0 0 0 0 0 0 0 0 0 0 0 0 0 0 0 0 0 0 0 0 0 0 0 0 0 0 0 0 0 0 0 0 
0 0 0 0 0 0 0 0 0 0 0 0 0 0 0 0 0 0 0 0 0 0 0 0 0 0 0 0 0 0 0 0 0 0 0 0 0 0 0 0 0 0 0 0 0 0 0 0 0 0 0 0 0 0 0 0 0 0 0 0 0 0 0 0 0 0 0 0 0 0 0 0 0 0 0 0 0 0 0 0 0 0 0 0 0 0 0 0 0 0 0 0 0 0 0 0 0 0 0 0 
0 0 0 0 0 0 0 0 0 0 0 0 0 0 0 0 0 0 0 0 0 0 0 0 0 0 0 0 0 0 0 0 0 0 0 0 0 0 0 0 0 0 0 0 0 0 0 0 0 0 0 0 0 0 0 0 0 0 0 0 0 0 0 0 0 0 0 0 0 0 0 0 0 0 0 0 0 0 0 0 0 0 0 0 0 0 0 0 0 0 0 0 0 0 0 0 0 0 0 0 
0 0 0 0 0 0 0 0 0 0 0 0 0 0 0 0 0 0 0 0 0 0 0 0 0 0 0 0 0 0 0 0 0 0 0 0 0 0 0 0 0 0 0 0 0 0 0 0 0 0 0 0 0 0 0 0 0 0 0 0 0 0 0 0 0 0 0 0 0 0 0 0 0 0 0 0 0 0 0 0 0 0 0 0 0 0 0 0 0 0 0 0 0 0 0 0 0 0 0 0 
0 0 0 0 0 0 0 0 0 0 0 0 0 0 0 0 0 0 0 0 0 0 0 0 0 0 0 0 0 0 0 0 0 0 0 0 0 0 0 0 0 0 0 0 0 0 0 0 0 0 0 0 0 0 0 0 0 0 0 0 0 0 0 0 0 0 0 0 0 0 0 0 0 0 0 0 0 0 0 0 0 0 0 0 0 0 0 0 0 0 0 0 0 0 0 0 0 0 0 0 
0 0 0 0 0 0 0 0 0 0 0 0 0 0 0 0 0 0 0 0 0 0 0 0 0 0 0 0 0 0 0 0 0 0 0 0 0 0 0 0 0 0 0 0 0 0 0 0 0 0 0 0 0 0 0 0 0 0 0 0 0 0 0 0 0 0 0 0 0 0 0 0 0 0 0 0 0 0 0 0 0 0 0 0 0 0 0 0 0 0 0 0 0 0 0 0 0 0 0 0 
0 0 0 0 0 0 0 0 0 0 0 0 0 0 0 0 0 0 0 0 0 0 0 0 0 0 0 0 0 0 0 0 0 0 0 0 0 0 0 0 0 0 0 0 0 0 0 0 0 0 0 0 0 0 0 0 0 0 0 0 0 0 0 0 0 0 0 0 0 0 0 0 0 0 0 0 0 0 0 0 0 0 0 0 0 0 0 0 0 0 0 0 0 0 0 0 0 0 0 0 
0 0 0 0 0 0 0 0 0 0 0 0 0 0 0 0 0 0 0 0 0 0 0 0 0 0 0 0 0 0 0 0 0 0 0 0 0 0 0 0 0 0 0 0 0 0 0 0 0 0 0 0 0 0 0 0 0 0 0 0 0 0 0 0 0 0 0 0 0 0 0 0 0 0 0 0 0 0 0 0 0 0 0 0 0 0 0 0 0 0 0 0 0 0 0 0 0 0 0 0 
0 0 0 0 0 0 0 0 0 0 0 0 0 0 0 0 0 0 0 0 0 0 0 0 0 0 0 0 0 0 0 0 0 0 0 0 0 0 0 0 0 0 0 0 0 0 0 0 0 0 0 0 0 0 0 0 0 0 0 0 0 0 0 0 0 0 0 0 0 0 0 0 0 0 0 0 0 0 0 0 0 0 0 0 0 0 0 0 0 0 0 0 0 0 0 0 0 0 0 0 
0 0 0 0 0 0 0 0 0 0 0 0 0 0 0 0 0 0 0 0 0 0 0 0 0 0 0 0 0 0 0 0 0 0 0 0 0 0 0 0 0 0 0 0 0 0 0 0 0 0 0 0 0 0 0 0 0 0 0 0 0 0 0 0 0 0 0 0 0 0 0 0 0 0 0 0 0 0 0 0 0 0 0 0 0 0 0 0 0 0 0 0 0 0 0 0 0 0 0 0 
0 0 0 0 0 0 0 0 0 0 0 0 0 0 0 0 0 0 0 0 0 0 0 0 0 0 0 0 0 0 0 0 0 0 0 0 0 0 0 0 0 0 0 0 0 0 0 0 0 0 0 0 0 0 0 0 0 0 0 0 0 0 0 0 0 0 0 0 0 0 0 0 0 0 0 0 0 0 0 0 0 0 0 0 0 0 0 0 0 0 0 0 0 0 0 0 0 0 0 0 
0 0 0 0 0 0 0 0 0 0 0 0 0 0 0 0 0 0 0 0 0 0 0 0 0 0 0 0 0 0 0 0 0 0 0 0 0 0 0 0 0 0 0 0 0 0 0 0 0 0 0 0 0 0 0 0 0 0 0 0 0 0 0 0 0 0 0 0 0 0 0 0 0 0 0 0 0 0 0 0 0 0 0 0 0 0 0 0 0 0 0 0 0 0 0 0 0 0 0 0 
0 0 0 0 0 0 0 0 0 0 0 0 0 0 0 0 0 0 0 0 0 0 0 0 0 0 0 0 0 0 0 0 0 0 0 0 0 0 0 0 0 0 0 0 0 0 0 0 0 0 0 0 0 0 0 0 0 0 0 0 0 0 0 0 0 0 0 0 0 0 0 0 0 0 0 0 0 0 0 0 0 0 0 0 0 0 0 0 0 0 0 0 0 0 0 0 0 0 0 0 
0 0 0 0 0 0 0 0 0 0 0 0 0 0 0 0 0 0 0 0 0 0 0 0 0 0 0 0 0 0 0 0 0 0 0 0 0 0 0 0 0 0 0 0 0 0 0 0 0 0 0 0 0 0 0 0 0 0 0 0 0 0 0 0 0 0 0 0 0 0 0 0 0 0 0 0 0 0 0 0 0 0 0 0 0 0 0 0 0 0 0 0 0 0 0 0 0 0 0 0 
0 0 0 0 0 0 0 0 0 0 0 0 0 0 0 0 0 0 0 0 0 0 0 0 0 0 0 0 0 0 0 0 0 0 0 0 0 0 0 0 0 0 0 0 0 0 0 0 0 0 0 0 0 0 0 0 0 0 0 0 0 0 0 0 0 0 0 0 0 0 0 0 0 0 0 0 0 0 0 0 0 0 0 0 0 0 0 0 0 0 0 0 0 0 0 0 0 0 0 0 
0 0 0 0 0 0 0 0 0 0 0 0 0 0 0 0 0 0 0 0 0 0 0 0 0 0 0 0 0 0 0 0 0 0 0 0 0 0 0 0 0 0 0 0 0 0 0 0 0 0 0 0 0 0 0 0 0 0 0 0 0 0 0 0 0 0 0 0 0 0 0 0 0 0 0 0 0 0 0 0 0 0 0 0 0 0 0 0 0 0 0 0 0 0 0 0 0 0 0 0 
0 0 0 0 0 0 0 0 0 0 0 0 0 0 0 0 0 0 0 0 0 0 0 0 0 0 0 0 0 0 0 0 0 0 0 0 0 0 0 0 0 0 0 0 0 0 0 0 0 0 0 0 0 0 0 0 0 0 0 0 0 0 0 0 0 0 0 0 0 0 0 0 0 0 0 0 0 0 0 0 0 0 0 0 0 0 0 0 0 0 0 0 0 0 0 0 0 0 0 0 
0 0 0 0 0 0 0 0 0 0 0 0 0 0 0 0 0 0 0 0 0 0 0 0 0 0 0 0 0 0 0 0 0 0 0 0 0 0 0 0 0 0 0 0 0 0 0 0 0 0 0 0 0 0 0 0 0 0 0 0 0 0 0 0 0 0 0 0 0 0 0 0 0 0 0 0 0 0 0 0 0 0 0 0 0 0 0 0 0 0 0 0 0 0 0 0 0 0 0 0 
0 0 0 0 0 0 0 0 0 0 0 0 0 0 0 0 0 0 0 0 0 0 0 0 0 0 0 0 0 0 0 0 0 0 0 0 0 0 0 0 0 0 0 0 0 0 0 0 0 0 0 0 0 0 0 0 0 0 0 0 0 0 0 0 0 0 0 0 0 0 0 0 0 0 0 0 0 0 0 0 0 0 0 0 0 0 0 0 0 0 0 0 0 0 0 0 0 0 0 0 
0 0 0 0 0 0 0 0 0 0 0 0 0 0 0 0 0 0 0 0 0 0 0 0 0 0 0 0 0 0 0 0 0 0 0 0 0 0 0 0 0 0 0 0 0 0 0 0 0 0 0 0 0 0 0 0 0 0 0 0 0 0 0 0 0 0 0 0 0 0 0 0 0 0 0 0 0 0 0 0 0 0 0 0 0 0 0 0 0 0 0 0 0 0 0 0 0 0 0 0 
0 0 0 0 0 0 0 0 0 0 0 0 0 0 0 0 0 0 0 0 0 0 0 0 0 0 0 0 0 0 0 0 0 0 0 0 0 0 0 0 0 0 0 0 0 0 0 0 0 0 0 0 0 0 0 0 0 0 0 0 0 0 0 0 0 0 0 0 0 0 0 0 0 0 0 0 0 0 0 0 0 0 0 0 0 0 0 0 0 0 0 0 0 0 0 0 0 0 0 0 
0 0 0 0 0 0 0 0 0 0 0 0 0 0 0 0 0 0 0 0 0 0 0 0 0 0 0 0 0 0 0 0 0 0 0 0 0 0 0 0 0 0 0 0 0 0 0 0 0 0 0 0 0 0 0 0 0 0 0 0 0 0 0 0 0 0 0 0 0 0 0 0 0 0 0 0 0 0 0 0 0 0 0 0 0 0 0 0 0 0 0 0 0 0 0 0 0 0 0 0 
0 0 0 0 0 0 0 0 0 0 0 0 0 0 0 0 0 0 0 0 0 0 0 0 0 0 0 0 0 0 0 0 0 0 0 0 0 0 0 0 0 0 0 0 0 0 0 0 0 0 0 0 0 0 0 0 0 0 0 0 0 0 0 0 0 0 0 0 0 0 0 0 0 0 0 0 0 0 0 0 0 0 0 0 0 0 0 0 0 0 0 0 0 0 0 0 0 0 0 0 
0 0 0 0 0 0 0 0 0 0 0 0 0 0 0 0 0 0 0 0 0 0 0 0 0 0 0 0 0 0 0 0 0 0 0 0 0 0 0 0 0 0 0 0 0 0 0 0 0 0 0 0 0 0 0 0 0 0 0 0 0 0 0 0 0 0 0 0 0 0 0 0 0 0 0 0 0 0 0 0 0 0 0 0 0 0 0 0 0 0 0 0 0 0 0 0 0 0 0 0 
0 0 0 0 0 0 0 0 0 0 0 0 0 0 0 0 0 0 0 0 0 0 0 0 0 0 0 0 0 0 0 0 0 0 0 0 0 0 0 0 0 0 0 0 0 0 0 0 0 0 0 0 0 0 0 0 0 0 0 0 0 0 0 0 0 0 0 0 0 0 0 0 0 0 0 0 0 0 0 0 0 0 0 0 0 0 0 0 0 0 0 0 0 0 0 0 0 0 0 0 
0 0 0 0 0 0 0 0 0 0 0 0 0 0 0 0 0 0 0 0 0 0 0 0 0 0 0 0 0 0 0 0 0 0 0 0 0 0 0 0 0 0 0 0 0 0 0 0 0 0 0 0 0 0 0 0 0 0 0 0 0 0 0 0 0 0 0 0 0 0 0 0 0 0 0 0 0 0 0 0 0 0 0 0 0 0 0 0 0 0 0 0 0 0 0 0 0 0 0 0 
0 0 0 0 0 0 0 0 0 0 0 0 0 0 0 0 0 0 0 0 0 0 0 0 0 0 0 0 0 0 0 0 0 0 0 0 0 0 0 0 0 0 0 0 0 0 0 0 0 0 0 0 0 0 0 0 0 0 0 0 0 0 0 0 0 0 0 0 0 0 0 0 0 0 0 0 0 0 0 0 0 0 0 0 0 0 0 0 0 0 0 0 0 0 0 0 0 0 0 0 
0 0 0 0 0 0 0 0 0 0 0 0 0 0 0 0 0 0 0 0 0 0 0 0 1623.697688 40180.71834 38282.96386 36693.07583 43586.07774 46832.28591 39312.75423 43248.90146 39978.45035 43681.01377 37421.64122 40519.86639 47293.91558 38919.60374 36041.55333 44355.50629 38395.8514 47990.49299 37958.69594 43629.69227 37730.46382 35005.19287 41420.64501 33925.56055 45479.79528 45473.60295 39116.41575 43315.54801 52484.0877 38203.85333 35450.6844 43407.78061 44022.08477 39781.05548 45560.41718 45486.40147 36073.91166 36100.2813 44315.58366 43578.23257 41057.5271 32600.84807 32413.23892 45845.6682 38192.42976 39017.36478 38539.86295 38222.87948 38380.61549 37964.66557 35955.60874 638.5328682 0 0 0 0 0 0 0 0 0 0 0 0 0 0 0 0 0 0 0 0 0 0 0 0 
0 0 0 0 0 0 0 0 0 0 0 0 0 0 0 0 0 0 0 0 0 0 0 0 1305.930801 69406.80508 67734.8571 62353.58692 55811.68247 66060.17298 66022.83973 57438.71196 64117.85405 60699.01206 71860.09472 56969.91134 67061.98994 56162.23029 50890.8766 58480.99173 62542.91628 56747.24888 61554.52004 56759.08109 70715.88021 61203.75971 59446.63555 58736.89283 59140.81744 58635.18334 58951.54118 63958.2453 57847.87732 58219.28169 54137.78369 57703.40449 67622.82383 54276.53067 60208.88074 59686.50413 62922.20888 60459.76472 60689.53383 61660.56823 51074.02449 58995.84694 60603.17262 59316.96817 57084.98508 63320.26562 55520.03687 68488.89024 65048.08623 58017.08569 53180.24796 1996.755877 0 0 0 0 0 0 0 0 0 0 0 0 0 0 0 0 0 0 0 0 0 0 0 0 
0 0 0 0 0 0 0 0 0 0 0 0 0 0 0 0 0 0 0 0 0 0 0 0 1393.131145 55796.72044 58709.01856 64694.39113 59065.86484 65332.64861 66341.61491 68522.98518 55741.77495 59414.08707 67215.4091 66437.90207 53205.74514 62473.28722 66751.69091 53139.8937 62305.42434 62189.61235 64855.4986 59607.32751 60581.69334 65136.1087 65448.765 56096.89495 59251.90302 56993.56497 62199.49369 63366.56293 61918.73155 59536.05192 65554.07764 66094.75538 66857.98594 59346.97962 56348.86935 66686.12327 56236.33076 59124.23619 70054.53601 58197.72769 64903.67488 59476.21137 64521.5667 61125.15335 60893.12746 63201.66749 63872.72246 56955.93467 62485.68783 69967.72591 61875.78587 1076.764177 0 0 0 0 0 0 0 0 0 0 0 0 0 0 0 0 0 0 0 0 0 0 0 0 
0 0 0 0 0 0 0 0 0 0 0 0 0 0 0 0 0 0 0 0 0 0 0 0 1275.236736 53277.78354 61102.11418 61895.16623 60746.4783 63211.49621 58943.39638 63508.29445 63773.1585 61496.90633 64985.91062 54060.19287 64442.73475 62028.95528 69437.06551 60042.60102 64704.60065 60432.77949 55073.43195 67028.04496 66243.72282 66440.59302 59368.82534 61004.6388 55297.71583 57887.72468 56982.54615 58120.30107 52716.28152 64857.3476 62320.68152 59370.19783 58219.89508 49205.54493 66803.24474 61888.75354 53404.17523 61076.15424 61655.02402 66749.63556 59411.30452 56876.53434 56764.08753 61868.94278 65151.45796 58313.34445 58699.69263 64131.80489 65207.94684 60409.63496 58972.14014 653.4641747 0 0 0 0 0 0 0 0 0 0 0 0 0 0 0 0 0 0 0 0 0 0 0 0 
0 0 0 0 0 0 0 0 0 0 0 0 0 0 0 0 0 0 0 0 0 0 0 0 1066.520192 57992.63961 71246.85029 62686.25835 61556.84868 59799.67993 60182.51861 64112.40851 63695.33416 58333.5335 66371.72855 58404.15589 60293.83492 62551.71218 61705.4297 58209.26223 57282.67893 61350.58874 60866.39418 59664.52004 60505.3954 58568.37561 60510.30175 57782.18093 55880.93263 66421.89946 55030.24632 57771.67516 63119.61417 51183.59897 66189.10197 63276.4947 62986.41758 54649.81804 60219.22714 64541.65478 55919.53552 53981.4269 54753.585 57619.08611 63854.07132 59533.59399 59753.88212 59920.30218 53762.33415 54674.19503 60134.66687 54378.04769 57251.80296 57695.33886 56101.69431 1353.498371 0 0 0 0 0 0 0 0 0 0 0 0 0 0 0 0 0 0 0 0 0 0 0 0 
0 0 0 0 0 0 0 0 0 0 0 0 0 0 0 0 0 0 0 0 0 0 0 0 1265.21273 56142.00877 62752.35994 64723.88547 67175.84902 65538.28336 67384.09176 71637.52537 65470.69849 66655.32109 61575.99474 60191.98033 57930.45838 61440.90411 64498.34435 59854.59208 61674.5729 60798.76354 61849.01809 62509.67932 60812.87012 58377.82321 59598.00881 54413.6538 67634.39681 61162.17993 65752.7776 64794.25996 57932.16264 61446.40389 60467.64262 56499.42687 63920.67812 69326.16072 61904.60091 55836.41726 66225.75496 59834.90332 61238.39764 69570.59278 57889.21375 65731.5523 53406.49205 66255.28081 59115.87189 63907.63923 64472.52436 60739.57003 63113.46273 57558.09018 60212.0779 1569.303648 0 0 0 0 0 0 0 0 0 0 0 0 0 0 0 0 0 0 0 0 0 0 0 0 
0 0 0 0 0 0 0 0 0 0 0 0 0 0 0 0 0 0 0 0 0 0 0 0 2229.915222 68364.75961 65557.99801 69975.0337 58754.26925 64638.88702 60762.28061 68117.87587 62398.20815 67360.99055 59023.77145 60182.36891 68526.30582 70068.69839 58516.03181 62696.36649 67394.77394 62134.49806 60400.38457 60207.60148 63095.04585 63315.77012 63816.43988 60781.74331 57616.88469 62162.77954 66415.8658 57510.06223 59676.37892 53658.1151 58978.93259 63347.57532 59482.02203 64033.66432 63448.4445 64437.44294 56792.22276 58106.09863 61060.74691 66160.83023 54250.18304 66751.25707 66358.05589 57895.45019 67206.34293 59138.64049 54273.29916 57733.07435 62654.33465 69868.11646 55230.46562 2300.941486 0 0 0 0 0 0 0 0 0 0 0 0 0 0 0 0 0 0 0 0 0 0 0 0 
0 0 0 0 0 0 0 0 0 0 0 0 0 0 0 0 0 0 0 0 0 0 0 0 325.926123 66560.66233 61449.74672 63782.77097 71960.53843 59353.63844 62620.508 59354.22457 56976.12167 54790.14956 62605.43949 62797.82505 58937.95999 63156.07489 56149.1475 61378.19115 63818.63703 66798.34635 63712.4682 57909.75781 57188.50661 62446.75904 64655.51487 55548.55898 60044.13433 59259.53184 57150.03784 64383.65061 54920.2944 60370.92372 65176.80659 59675.43735 53576.68965 54361.57403 59111.50711 55829.5006 56058.17071 60677.61761 57340.19419 59653.22721 57630.52339 56385.44621 59776.53303 66878.64201 58184.8222 61832.57975 62552.79518 59967.6689 57581.43696 55504.98645 63546.86781 2598.38042 0 0 0 0 0 0 0 0 0 0 0 0 0 0 0 0 0 0 0 0 0 0 0 0 
0 0 0 0 0 0 0 0 0 0 0 0 0 0 0 0 0 0 0 0 0 0 0 0 1548.25756 67261.21849 70265.07137 61514.56313 58356.61992 69215.01898 59351.09617 58519.04195 62241.4358 67515.27065 65896.32355 63218.96392 63123.4828 67321.67223 62200.29504 62332.13572 56372.16227 59057.7399 51305.48624 58828.91552 58377.75467 53675.85298 57402.64912 55681.86434 58399.46054 50915.2282 60663.37826 59848.49005 60368.17445 55319.57934 67884.67822 64691.42398 63217.39924 65727.22615 54294.79656 58800.7697 58580.58345 67877.83313 50929.6061 60979.57029 66387.87616 56875.27472 55240.73361 57147.57129 66434.2789 56689.5129 68532.41565 64503.82469 59686.60029 52782.44898 57958.67611 2386.640546 0 0 0 0 0 0 0 0 0 0 0 0 0 0 0 0 0 0 0 0 0 0 0 0 
0 0 0 0 0 0 0 0 0 0 0 0 0 0 0 0 0 0 0 0 0 0 0 0 999.941992 59339.67011 58137.74452 63773.02882 65726.45355 59185.36703 60878.0425 64096.42716 63185.90479 65200.53344 62222.69692 57452.91508 57943.89522 59182.42579 64528.7275 61192.11967 62392.2417 58436.83372 62420.20083 71037.69538 65451.74303 56256.34343 63675.70341 61550.72044 57793.46604 60632.84012 54512.61699 64761.00707 61020.4838 60146.06619 57670.49312 61087.10729 50453.03197 59504.70965 58136.9223 64478.10124 56948.08641 63901.84001 60138.41771 55641.05569 53076.62687 54784.75481 62901.4511 63384.11773 58210.32511 55101.65948 60584.50661 57457.65882 68031.80952 60085.30491 58565.94526 430.2165486 0 0 0 0 0 0 0 0 0 0 0 0 0 0 0 0 0 0 0 0 0 0 0 0 
0 0 0 0 0 0 0 0 0 0 0 0 0 0 0 0 0 0 0 0 0 0 0 0 1279.543939 60262.9583 61207.66827 64529.11796 66323.0752 62580.64788 58568.89057 64825.66694 65459.92964 63630.70407 63208.03403 68510.939 66280.33539 61431.18209 65204.03522 68202.17423 62788.38101 64582.67955 57284.29943 63292.02384 63725.77886 60882.12735 54773.71789 61671.05958 54109.59343 59671.01297 61190.98503 56083.43561 59968.67856 64153.87397 54343.6776 55920.22325 53208.12841 56687.29192 60453.72218 56560.80873 58311.01063 54928.3351 57639.34313 58760.66816 51318.08225 60484.60385 55312.63189 61321.69933 61120.15611 56615.44632 61455.16189 64554.67911 55808.18362 59142.64334 53328.82666 2623.321026 0 0 0 0 0 0 0 0 0 0 0 0 0 0 0 0 0 0 0 0 0 0 0 0 
0 0 0 0 0 0 0 0 0 0 0 0 0 0 0 0 0 0 0 0 0 0 0 0 1041.782014 61632.53086 70074.1504 60823.87217 59749.62943 69871.38409 56044.44756 60835.32939 61218.3823 56482.70484 65793.00465 54568.13653 57931.74569 55605.74705 65413.56657 57173.96481 55744.58936 65997.77541 61916.55942 56842.60828 55756.44766 55934.13344 56090.73637 56760.40857 61136.9491 62825.37214 59713.45485 58570.30251 66133.18263 59810.41011 54867.36911 59206.89384 55104.00995 62182.80767 59709.9574 65061.89702 55821.78862 54832.99599 58879.29131 60595.02723 62474.99106 67909.34052 56525.33828 57675.38179 56818.19102 54735.85579 61726.00449 58087.79883 51181.8871 52484.06439 60816.93271 1621.664651 0 0 0 0 0 0 0 0 0 0 0 0 0 0 0 0 0 0 0 0 0 0 0 0 
0 0 0 0 0 0 0 0 0 0 0 0 0 0 0 0 0 0 0 0 0 0 0 0 697.5544622 71353.94195 66091.29199 66991.10435 62454.83881 69738.31049 66390.93819 49656.91187 59260.76929 50768.29231 60643.65271 55432.08061 56296.5768 69156.38472 52984.67314 62093.06422 61921.86668 59343.6162 62796.05478 64020.26771 62966.39065 64603.86009 59435.61159 59313.97866 58985.76304 61683.5404 51292.29666 53192.34914 64866.72975 62000.48822 59835.20687 56718.92194 55373.81163 60838.44271 57775.94344 56137.60188 57905.88871 63285.1756 63865.95262 58303.80657 54691.35785 65789.51165 59837.83699 62328.56293 59772.87887 60384.4554 61818.311 61563.95511 59040.24914 50631.52724 57165.38735 2281.116283 0 0 0 0 0 0 0 0 0 0 0 0 0 0 0 0 0 0 0 0 0 0 0 0 
0 0 0 0 0 0 0 0 0 0 0 0 0 0 0 0 0 0 0 0 0 0 0 0 5.637304758 62826.59651 63529.26817 61185.36854 69818.23673 68372.9198 57422.02676 70648.49539 60427.70712 64429.93042 56000.98414 64097.72896 62732.24926 65075.30287 56920.3116 56678.76239 59084.74739 60683.63292 60510.48352 58545.51574 54726.39622 64146.68988 67847.14898 61615.62413 62051.09213 53937.48006 59754.32486 59834.78953 52949.50606 64577.46568 59015.00095 55660.14108 58910.13467 59370.26717 56259.20467 64740.93897 59719.62117 61376.64957 54624.23561 53076.45641 56239.08392 63984.36068 54725.44789 57809.32346 53027.65813 53213.24486 53875.77606 61615.90794 55653.44437 59049.46378 60394.13272 2604.003757 0 0 0 0 0 0 0 0 0 0 0 0 0 0 0 0 0 0 0 0 0 0 0 0 
0 0 0 0 0 0 0 0 0 0 0 0 0 0 0 0 0 0 0 0 0 0 0 0 2606.754915 60194.83782 57240.6177 64380.80006 60362.39682 62528.086 51822.61176 60241.63638 63201.74688 63646.14224 63559.44178 60957.19169 60392.23439 59697.81904 58862.1057 61042.47191 60920.65874 59472.58581 54104.07464 61281.82373 61508.41802 59212.41078 49543.09001 55440.71662 53331.75768 50708.54181 63843.94739 53634.18244 56424.62036 60179.66409 52827.72491 64895.51147 68915.79797 60259.79192 59673.26581 48141.02658 54332.56312 51749.50557 58503.98972 62412.87092 60740.54288 56330.33578 59513.02022 63872.08442 57039.95277 58971.76136 63721.94584 60143.30871 50667.98715 53520.55559 54897.99192 1326.813581 0 0 0 0 0 0 0 0 0 0 0 0 0 0 0 0 0 0 0 0 0 0 0 0 
0 0 0 0 0 0 0 0 0 0 0 0 0 0 0 0 0 0 0 0 0 0 0 0 3288.577883 60234.95405 61411.23825 60768.56134 58456.63578 57850.45135 68329.54549 70475.58195 53229.25567 56886.98634 65166.33846 57700.6328 55480.84778 66612.5659 59819.508 63528.98535 57058.76339 54562.62701 61705.91247 62544.57745 66903.82672 62633.89699 45293.22434 60146.84322 60112.84697 58894.91519 53074.26308 62386.37127 55831.56304 51496.33648 61927.13281 66533.77981 63015.43398 59254.62638 57771.70175 58248.28636 58523.12561 67865.12397 52718.88899 65180.81166 52505.77472 66220.66644 60336.45828 57811.93809 54277.31745 60261.31185 62093.48645 56696.29579 59549.35668 63823.58912 59300.63988 1316.843041 0 0 0 0 0 0 0 0 0 0 0 0 0 0 0 0 0 0 0 0 0 0 0 0 
0 0 0 0 0 0 0 0 0 0 0 0 0 0 0 0 0 0 0 0 0 0 0 0 1638.161653 64545.6726 60708.37258 59433.15583 58315.70062 61788.10673 67320.73744 58327.04734 61591.00283 64925.47927 59779.50779 65058.00889 60714.41729 62565.55785 58877.85397 62553.88014 66078.87093 64523.85804 63914.84078 65192.33536 66302.05799 60017.94534 61374.93714 51833.9049 58791.86775 61756.27663 62127.58808 66025.75441 54260.88018 61502.65551 61515.37667 62349.51065 62738.05293 56229.39281 56387.01763 62850.27687 58305.74264 61818.40889 70517.69181 64095.87883 62176.07189 63685.56721 62103.43795 62304.02255 63725.68115 64379.3067 58217.24334 55221.717 59641.47959 58136.05965 55463.87225 1659.057824 0 0 0 0 0 0 0 0 0 0 0 0 0 0 0 0 0 0 0 0 0 0 0 0 
0 0 0 0 0 0 0 0 0 0 0 0 0 0 0 0 0 0 0 0 0 0 0 0 969.8632432 65966.56451 62180.91707 67335.42518 61897.79405 66036.24569 59185.5562 62523.57344 59800.29617 56154.10136 46573.97576 56893.94816 59108.51517 59539.72834 57033.57473 61986.02056 56304.58736 60959.97125 55870.88905 70396.69425 62839.89246 63299.87987 53703.48637 61260.60782 52141.83962 52318.13899 59185.63924 60112.74602 62760.91905 58790.65717 57021.24947 52299.18862 57548.53472 55978.95101 61402.64173 66390.22835 59403.7728 56415.96901 54955.17906 58913.32052 63308.76067 56796.65209 62411.38186 61912.38326 58688.71841 59416.35233 57185.46342 60394.62983 57010.99884 59682.99466 59390.31826 993.213966 0 0 0 0 0 0 0 0 0 0 0 0 0 0 0 0 0 0 0 0 0 0 0 0 
0 0 0 0 0 0 0 0 0 0 0 0 0 0 0 0 0 0 0 0 0 0 0 0 1636.818103 56393.18325 61745.12496 65804.98392 58505.3176 73394.73221 63211.31388 66612.61589 58682.23681 59583.23097 55761.27159 60269.20818 60866.10288 57859.21178 60662.64731 52924.32939 66032.37464 61592.03514 56949.71899 61362.70322 64030.61978 68613.47054 55604.77632 56616.83445 48735.69462 62061.89621 60596.226 63204.70956 54932.20511 67125.0048 57803.60003 65931.1054 58930.3961 54071.14483 59973.79831 59366.23545 61936.89652 65521.15934 61666.81011 54945.69046 54078.20242 56461.46011 56964.67635 55408.02535 52565.80231 63123.14093 57450.42181 58493.29532 53959.76937 52328.16606 58901.26586 1705.941215 0 0 0 0 0 0 0 0 0 0 0 0 0 0 0 0 0 0 0 0 0 0 0 0 
0 0 0 0 0 0 0 0 0 0 0 0 0 0 0 0 0 0 0 0 0 0 0 0 1643.798478 63781.96933 60301.13082 56419.92345 65985.81827 50374.2529 61485.90403 56752.54717 64299.63975 60136.72222 64612.92755 61844.96046 58440.75695 62810.97359 61639.45583 62428.38162 62807.60597 56008.42041 61792.18719 64648.51838 55548.98216 65772.59207 63276.40224 66433.20823 54047.25976 57987.78506 57926.92078 54421.89856 65121.30368 59454.03201 52746.62976 56017.16666 54625.5734 63317.58722 57909.7487 51407.49762 56620.52712 56419.33337 62733.47309 57068.9695 60020.16133 57227.3069 61973.43863 68995.41434 62291.6012 60452.90662 53259.91672 54354.22709 52545.59329 49662.19508 53420.49339 1307.904326 0 0 0 0 0 0 0 0 0 0 0 0 0 0 0 0 0 0 0 0 0 0 0 0 
0 0 0 0 0 0 0 0 0 0 0 0 0 0 0 0 0 0 0 0 0 0 0 0 735.0935249 62164.13959 59205.88237 54566.4305 63616.23476 55786.43175 59819.43046 65321.81542 58050.89306 63174.42585 61068.11534 59058.15663 63337.14638 63856.52231 58902.76766 63568.74122 61164.85399 65100.0769 47359.57919 59671.26207 60302.24652 66027.72178 65637.22584 66672.04793 57283.58782 60782.03971 62583.53374 51410.88161 59599.85217 56601.38851 60447.31119 58739.50526 55148.8953 63819.64286 63236.41274 54348.26774 59147.83848 62119.43945 64229.21346 59738.61688 53245.1551 56416.0713 65957.36908 62978.02822 63416.58837 61944.92261 52650.99648 56873.92604 56970.48183 68415.45949 51313.96721 342.0124972 0 0 0 0 0 0 0 0 0 0 0 0 0 0 0 0 0 0 0 0 0 0 0 0 
0 0 0 0 0 0 0 0 0 0 0 0 0 0 0 0 0 0 0 0 0 0 0 0 2289.652951 66506.21734 64803.64132 65772.53207 58429.2453 61522.70847 59159.73443 71217.13805 63806.78235 57711.04124 63659.41492 58885.1321 61009.57515 54284.80945 64745.38272 63681.90763 58303.22784 56713.94912 57087.47361 64897.94141 61939.94841 70651.72018 57998.30301 59447.57619 55273.08024 57940.22031 66359.35259 63073.69783 51953.98684 64112.05251 56084.47734 56080.57418 56343.81709 53843.34426 55973.03604 60383.38449 54914.59696 60892.40439 61371.12214 62353.33822 57568.21239 51136.15809 52893.56816 57399.01689 58120.32548 63005.41268 60464.87159 57122.22212 61544.96522 52855.23357 55484.32821 970.4329472 0 0 0 0 0 0 0 0 0 0 0 0 0 0 0 0 0 0 0 0 0 0 0 0 
0 0 0 0 0 0 0 0 0 0 0 0 0 0 0 0 0 0 0 0 0 0 0 0 2102.16866 60295.23692 71642.30656 65226.99046 67698.264 64451.65109 68137.70392 66959.56571 61353.87758 62827.98674 61066.41053 58572.424 61457.62554 64015.46826 57693.9236 59012.36952 65581.6678 51751.92265 56337.06396 62323.51533 56483.87964 56253.00361 58642.32413 70461.22769 59879.82601 59198.78319 63380.51553 63209.81811 62790.09579 60850.1418 59025.18853 59530.23242 61705.8703 62799.58869 54989.98723 56657.85802 54917.0115 58172.54647 68235.19881 56705.9812 61273.15495 63956.95848 56997.16157 60217.61209 62446.15865 59280.62491 62089.31193 63598.16329 57104.00975 56808.78887 65395.03142 1318.41272 0 0 0 0 0 0 0 0 0 0 0 0 0 0 0 0 0 0 0 0 0 0 0 0 
0 0 0 0 0 0 0 0 0 0 0 0 0 0 0 0 0 0 0 0 0 0 0 0 774.6546405 59438.04144 67198.41325 52905.32486 62645.76891 64232.38841 62362.36697 56650.94852 64946.79031 54622.18815 56060.98989 50973.24741 67834.51043 56900.99691 57714.42868 55702.252 66147.34534 65238.81027 51586.97485 64203.52496 68509.75768 57628.65007 66954.14896 61146.91634 64033.80074 60905.5454 55214.80033 66783.20496 58125.32521 61953.37926 57155.40266 61517.52226 61446.8038 55761.20307 51780.73835 53759.44762 59403.82041 64282.34394 58222.44811 66008.99577 62253.14419 63151.48215 68067.36068 60646.21821 61762.55456 58551.00204 54808.27052 60167.08208 66196.35759 61794.28704 58330.53807 2658.922063 0 0 0 0 0 0 0 0 0 0 0 0 0 0 0 0 0 0 0 0 0 0 0 0 
0 0 0 0 0 0 0 0 0 0 0 0 0 0 0 0 0 0 0 0 0 0 0 0 1361.263544 54291.37244 62977.19756 61094.6729 67895.27571 66654.8537 61455.20668 60614.35887 66632.15517 62855.48489 56258.85504 53115.21205 64013.2437 61366.14549 60127.10805 60083.04176 61937.70507 59853.77443 60777.47013 63731.69012 61771.95709 53109.5313 58178.3888 62614.08067 60349.76046 67457.81065 67121.79859 57873.89564 61670.11119 63559.83718 58101.45982 71984.0644 53975.2915 57030.31273 54933.49088 58754.51875 65819.41081 54505.4862 52142.45564 46817.73349 64507.34711 56978.49558 58522.7463 54887.18115 59707.87766 54899.75907 65832.16723 66165.66356 52630.9556 59920.95619 60053.37434 368.0437773 0 0 0 0 0 0 0 0 0 0 0 0 0 0 0 0 0 0 0 0 0 0 0 0 
0 0 0 0 0 0 0 0 0 0 0 0 0 0 0 0 0 0 0 0 0 0 0 0 658.3493758 64524.69683 64408.34735 65223.4429 65926.52487 68335.17949 60533.29165 63433.7209 64674.67376 63689.83963 59423.15054 61947.18237 71987.96442 62753.64069 56196.03652 61664.19392 65899.09643 64738.4059 66000.41684 58122.19125 53264.73138 60768.97722 58153.38457 56465.75621 59335.56515 60075.41568 54816.6518 69359.96691 58565.95523 60452.36827 61537.61736 63056.23841 57088.81466 57375.95605 57436.82024 59480.62139 60075.92272 57153.41672 64193.31214 66578.01408 59072.78717 67635.37623 67425.34975 66509.76918 62626.65942 63328.45691 60680.88622 66389.71449 69614.07338 60653.38523 63949.14528 621.2000067 0 0 0 0 0 0 0 0 0 0 0 0 0 0 0 0 0 0 0 0 0 0 0 0 
0 0 0 0 0 0 0 0 0 0 0 0 0 0 0 0 0 0 0 0 0 0 0 0 2249.2764 53608.06276 62584.76813 65788.99621 59334.46869 63355.06747 65643.08654 66377.77881 70447.33191 60109.25859 63140.6487 72612.74578 60421.21938 58418.08325 60924.08503 59591.83311 57756.65117 63032.37615 57846.01888 55916.70542 53784.87024 68564.82502 58982.67638 70737.76449 62806.71095 61813.19737 55694.98197 60165.18592 52048.25717 64422.85999 62880.45414 54442.45906 61494.34556 64149.41947 60912.23879 57004.00891 61594.84493 54253.19358 58153.811 56975.68406 54583.14331 56577.52087 53960.19427 65273.68225 60120.94612 60880.83077 63948.78622 53577.8601 63066.28033 56147.6719 60523.67208 2305.873339 0 0 0 0 0 0 0 0 0 0 0 0 0 0 0 0 0 0 0 0 0 0 0 0 
0 0 0 0 0 0 0 0 0 0 0 0 0 0 0 0 0 0 0 0 0 0 0 0 1447.319347 58742.38213 65796.88215 57983.86617 59924.90805 64989.96155 67940.51247 63046.6395 61110.17829 62769.64082 53529.11244 61064.58077 56959.03233 59273.79904 61994.00933 58938.57032 65118.44017 72563.38539 57938.69816 56562.93173 62954.13717 50288.93749 59508.28084 60608.84881 59550.86355 44845.76029 62627.40635 55267.47006 58073.17427 62441.19587 68546.33799 58505.91902 61740.47868 58067.53591 62729.9288 56401.61004 61056.10459 61627.05861 56215.69421 58190.08704 57126.45247 60960.27755 65752.93894 65736.69066 60505.10553 57898.89833 61112.98884 57397.91388 59569.48192 58940.61607 60704.37501 2289.67514 0 0 0 0 0 0 0 0 0 0 0 0 0 0 0 0 0 0 0 0 0 0 0 0 
0 0 0 0 0 0 0 0 0 0 0 0 0 0 0 0 0 0 0 0 0 0 0 0 674.6310025 59967.16093 68528.41627 61667.77928 73709.14215 58635.86932 61362.7738 56788.75688 57774.81043 57762.38231 64382.11465 59968.93344 60767.65801 59238.92326 62579.2585 66260.31074 57708.08337 62901.59895 62205.90479 66295.20643 59210.58883 57513.97595 56566.42345 58681.89198 62713.05211 61974.31379 67385.84837 55582.32084 56313.81045 69539.52161 58192.06981 59585.91085 66886.69533 59306.16442 59192.69887 56520.6745 62701.71075 58444.4216 65841.42026 59748.65964 62039.92778 64403.58038 58117.52358 63529.15827 60228.00906 69452.06724 67064.71313 53815.79865 56025.55158 60455.1476 56775.93779 397.090409 0 0 0 0 0 0 0 0 0 0 0 0 0 0 0 0 0 0 0 0 0 0 0 0 
0 0 0 0 0 0 0 0 0 0 0 0 0 0 0 0 0 0 0 0 0 0 0 0 1111.346472 63425.41115 68554.81091 55619.25073 61269.17937 58624.19393 61971.30178 68267.16065 62971.79566 59533.71885 53951.27636 59620.4985 64943.64003 64925.11889 59740.18742 62356.5311 58561.03566 57055.25836 62200.67414 59164.21089 66694.9072 56426.7799 62928.3941 58540.50369 58494.36953 58578.40033 57638.49433 62611.66737 59998.31831 63949.81691 66280.40672 57495.98135 62046.0428 56155.6474 56132.69264 57163.17019 63291.24074 54626.77807 60600.22497 65396.87847 61766.45256 64210.47105 55340.87024 64631.36952 58409.06169 52325.85741 56902.48778 60828.78393 59751.26886 67468.49948 61713.41175 1969.50371 0 0 0 0 0 0 0 0 0 0 0 0 0 0 0 0 0 0 0 0 0 0 0 0 
0 0 0 0 0 0 0 0 0 0 0 0 0 0 0 0 0 0 0 0 0 0 0 0 1049.413285 66835.09481 56945.09127 61093.51007 61118.2321 63238.19548 65743.34417 65088.04766 64748.40074 65698.90957 60300.78406 55830.48072 60395.87878 64326.99223 60655.42368 70325.87891 64741.29743 61877.8297 56856.55251 60304.70374 60639.83178 60048.25486 65218.21302 55404.87559 56981.68394 64316.92787 61981.58034 57240.98391 69019.34017 64161.21739 59274.65323 61340.05411 54734.14732 62077.90986 67327.58118 52326.88764 62036.46665 59356.05617 59350.65813 56593.4793 64366.76917 57262.95346 56669.14978 63023.54313 62033.11547 63447.3966 63223.07198 62659.99344 52985.6212 63472.50142 57840.88075 1408.133101 0 0 0 0 0 0 0 0 0 0 0 0 0 0 0 0 0 0 0 0 0 0 0 0 
0 0 0 0 0 0 0 0 0 0 0 0 0 0 0 0 0 0 0 0 0 0 0 0 628.704732 55253.83795 61467.57016 60208.31777 66311.67228 74103.55654 64650.94028 65385.77874 53419.65451 57922.44795 55603.68792 61119.89777 59568.18216 65372.31046 63908.50529 63412.74864 64002.31866 65777.88708 64956.89047 58761.49214 65462.16465 55040.24594 59665.39439 62113.31835 61629.37896 59420.78255 56979.71624 70149.70228 63210.49943 58917.10848 65261.57821 62249.19703 70597.85961 59931.67962 56373.54299 59337.93287 53280.98743 65575.73938 58844.55586 63383.23368 59114.19085 60053.27025 65246.64582 60538.70538 61565.68911 68297.8355 68124.48919 57909.23364 57409.92925 57999.16451 52754.59817 739.4719315 0 0 0 0 0 0 0 0 0 0 0 0 0 0 0 0 0 0 0 0 0 0 0 0 
0 0 0 0 0 0 0 0 0 0 0 0 0 0 0 0 0 0 0 0 0 0 0 0 2378.146181 60317.8445 57529.0014 64195.48841 66527.7761 58663.72169 63024.94155 62162.72627 61952.57412 58097.52466 62777.17333 60331.10814 61994.00208 57326.96919 60009.06466 62768.18159 62442.39722 56362.04623 63689.89037 63041.38943 62235.8449 61201.36731 54198.10147 62973.65087 64968.53192 55679.55757 60871.94286 73406.17039 66172.94719 58673.18689 59237.47314 64386.87559 59330.71341 53000.72103 71627.86706 58898.99043 58000.62859 58061.67046 59221.62981 50329.16307 61726.45239 61021.5702 57730.97652 63946.39011 64119.24383 66634.24002 52522.00914 54999.47734 60108.24916 66863.13769 63620.81819 1238.882244 0 0 0 0 0 0 0 0 0 0 0 0 0 0 0 0 0 0 0 0 0 0 0 0 
0 0 0 0 0 0 0 0 0 0 0 0 0 0 0 0 0 0 0 0 0 0 0 0 737.0155202 45854.12097 44806.62268 40227.88783 35999.62885 40923.60068 44836.43789 42950.02552 42361.62409 40629.49579 47518.67553 37535.32769 36470.81878 41019.47264 43046.83792 40981.07275 42442.59362 37935.77781 41126.80208 43796.85802 39592.63996 43651.88885 43327.88943 43150.81803 43623.4585 37778.91643 43976.54413 37869.33443 34928.84687 39610.23468 38386.34243 39599.20309 31768.69067 36020.85725 44099.52838 47197.00444 36022.29597 44921.23003 41734.16185 38762.76065 37301.84141 34265.43848 41567.64347 40047.78326 37851.57438 40161.82817 43955.2022 38321.301 40856.58179 41031.00374 33835.66691 1931.620942 0 0 0 0 0 0 0 0 0 0 0 0 0 0 0 0 0 0 0 0 0 0 0 0 
0 0 0 0 0 0 0 0 0 0 0 0 0 0 0 0 0 0 0 0 0 0 0 0 0 0 0 0 0 0 0 0 0 0 0 0 0 0 0 0 0 0 0 0 0 0 0 0 0 0 0 0 0 0 0 0 0 0 0 0 0 0 0 0 0 0 0 0 0 0 0 0 0 0 0 0 0 0 0 0 0 0 0 0 0 0 0 0 0 0 0 0 0 0 0 0 0 0 0 0 
0 0 0 0 0 0 0 0 0 0 0 0 0 0 0 0 0 0 0 0 0 0 0 0 0 0 0 0 0 0 0 0 0 0 0 0 0 0 0 0 0 0 0 0 0 0 0 0 0 0 0 0 0 0 0 0 0 0 0 0 0 0 0 0 0 0 0 0 0 0 0 0 0 0 0 0 0 0 0 0 0 0 0 0 0 0 0 0 0 0 0 0 0 0 0 0 0 0 0 0 
0 0 0 0 0 0 0 0 0 0 0 0 0 0 0 0 0 0 0 0 0 0 0 0 0 0 0 0 0 0 0 0 0 0 0 0 0 0 0 0 0 0 0 0 0 0 0 0 0 0 0 0 0 0 0 0 0 0 0 0 0 0 0 0 0 0 0 0 0 0 0 0 0 0 0 0 0 0 0 0 0 0 0 0 0 0 0 0 0 0 0 0 0 0 0 0 0 0 0 0 
0 0 0 0 0 0 0 0 0 0 0 0 0 0 0 0 0 0 0 0 0 0 0 0 0 0 0 0 0 0 0 0 0 0 0 0 0 0 0 0 0 0 0 0 0 0 0 0 0 0 0 0 0 0 0 0 0 0 0 0 0 0 0 0 0 0 0 0 0 0 0 0 0 0 0 0 0 0 0 0 0 0 0 0 0 0 0 0 0 0 0 0 0 0 0 0 0 0 0 0 
0 0 0 0 0 0 0 0 0 0 0 0 0 0 0 0 0 0 0 0 0 0 0 0 0 0 0 0 0 0 0 0 0 0 0 0 0 0 0 0 0 0 0 0 0 0 0 0 0 0 0 0 0 0 0 0 0 0 0 0 0 0 0 0 0 0 0 0 0 0 0 0 0 0 0 0 0 0 0 0 0 0 0 0 0 0 0 0 0 0 0 0 0 0 0 0 0 0 0 0 
0 0 0 0 0 0 0 0 0 0 0 0 0 0 0 0 0 0 0 0 0 0 0 0 0 0 0 0 0 0 0 0 0 0 0 0 0 0 0 0 0 0 0 0 0 0 0 0 0 0 0 0 0 0 0 0 0 0 0 0 0 0 0 0 0 0 0 0 0 0 0 0 0 0 0 0 0 0 0 0 0 0 0 0 0 0 0 0 0 0 0 0 0 0 0 0 0 0 0 0 
0 0 0 0 0 0 0 0 0 0 0 0 0 0 0 0 0 0 0 0 0 0 0 0 0 0 0 0 0 0 0 0 0 0 0 0 0 0 0 0 0 0 0 0 0 0 0 0 0 0 0 0 0 0 0 0 0 0 0 0 0 0 0 0 0 0 0 0 0 0 0 0 0 0 0 0 0 0 0 0 0 0 0 0 0 0 0 0 0 0 0 0 0 0 0 0 0 0 0 0 
0 0 0 0 0 0 0 0 0 0 0 0 0 0 0 0 0 0 0 0 0 0 0 0 0 0 0 0 0 0 0 0 0 0 0 0 0 0 0 0 0 0 0 0 0 0 0 0 0 0 0 0 0 0 0 0 0 0 0 0 0 0 0 0 0 0 0 0 0 0 0 0 0 0 0 0 0 0 0 0 0 0 0 0 0 0 0 0 0 0 0 0 0 0 0 0 0 0 0 0 
0 0 0 0 0 0 0 0 0 0 0 0 0 0 0 0 0 0 0 0 0 0 0 0 0 0 0 0 0 0 0 0 0 0 0 0 0 0 0 0 0 0 0 0 0 0 0 0 0 0 0 0 0 0 0 0 0 0 0 0 0 0 0 0 0 0 0 0 0 0 0 0 0 0 0 0 0 0 0 0 0 0 0 0 0 0 0 0 0 0 0 0 0 0 0 0 0 0 0 0 
0 0 0 0 0 0 0 0 0 0 0 0 0 0 0 0 0 0 0 0 0 0 0 0 0 0 0 0 0 0 0 0 0 0 0 0 0 0 0 0 0 0 0 0 0 0 0 0 0 0 0 0 0 0 0 0 0 0 0 0 0 0 0 0 0 0 0 0 0 0 0 0 0 0 0 0 0 0 0 0 0 0 0 0 0 0 0 0 0 0 0 0 0 0 0 0 0 0 0 0 
0 0 0 0 0 0 0 0 0 0 0 0 0 0 0 0 0 0 0 0 0 0 0 0 0 0 0 0 0 0 0 0 0 0 0 0 0 0 0 0 0 0 0 0 0 0 0 0 0 0 0 0 0 0 0 0 0 0 0 0 0 0 0 0 0 0 0 0 0 0 0 0 0 0 0 0 0 0 0 0 0 0 0 0 0 0 0 0 0 0 0 0 0 0 0 0 0 0 0 0 
0 0 0 0 0 0 0 0 0 0 0 0 0 0 0 0 0 0 0 0 0 0 0 0 0 0 0 0 0 0 0 0 0 0 0 0 0 0 0 0 0 0 0 0 0 0 0 0 0 0 0 0 0 0 0 0 0 0 0 0 0 0 0 0 0 0 0 0 0 0 0 0 0 0 0 0 0 0 0 0 0 0 0 0 0 0 0 0 0 0 0 0 0 0 0 0 0 0 0 0 
0 0 0 0 0 0 0 0 0 0 0 0 0 0 0 0 0 0 0 0 0 0 0 0 0 0 0 0 0 0 0 0 0 0 0 0 0 0 0 0 0 0 0 0 0 0 0 0 0 0 0 0 0 0 0 0 0 0 0 0 0 0 0 0 0 0 0 0 0 0 0 0 0 0 0 0 0 0 0 0 0 0 0 0 0 0 0 0 0 0 0 0 0 0 0 0 0 0 0 0 
0 0 0 0 0 0 0 0 0 0 0 0 0 0 0 0 0 0 0 0 0 0 0 0 0 0 0 0 0 0 0 0 0 0 0 0 0 0 0 0 0 0 0 0 0 0 0 0 0 0 0 0 0 0 0 0 0 0 0 0 0 0 0 0 0 0 0 0 0 0 0 0 0 0 0 0 0 0 0 0 0 0 0 0 0 0 0 0 0 0 0 0 0 0 0 0 0 0 0 0 
0 0 0 0 0 0 0 0 0 0 0 0 0 0 0 0 0 0 0 0 0 0 0 0 0 0 0 0 0 0 0 0 0 0 0 0 0 0 0 0 0 0 0 0 0 0 0 0 0 0 0 0 0 0 0 0 0 0 0 0 0 0 0 0 0 0 0 0 0 0 0 0 0 0 0 0 0 0 0 0 0 0 0 0 0 0 0 0 0 0 0 0 0 0 0 0 0 0 0 0 
0 0 0 0 0 0 0 0 0 0 0 0 0 0 0 0 0 0 0 0 0 0 0 0 0 0 0 0 0 0 0 0 0 0 0 0 0 0 0 0 0 0 0 0 0 0 0 0 0 0 0 0 0 0 0 0 0 0 0 0 0 0 0 0 0 0 0 0 0 0 0 0 0 0 0 0 0 0 0 0 0 0 0 0 0 0 0 0 0 0 0 0 0 0 0 0 0 0 0 0 
0 0 0 0 0 0 0 0 0 0 0 0 0 0 0 0 0 0 0 0 0 0 0 0 0 0 0 0 0 0 0 0 0 0 0 0 0 0 0 0 0 0 0 0 0 0 0 0 0 0 0 0 0 0 0 0 0 0 0 0 0 0 0 0 0 0 0 0 0 0 0 0 0 0 0 0 0 0 0 0 0 0 0 0 0 0 0 0 0 0 0 0 0 0 0 0 0 0 0 0 
0 0 0 0 0 0 0 0 0 0 0 0 0 0 0 0 0 0 0 0 0 0 0 0 0 0 0 0 0 0 0 0 0 0 0 0 0 0 0 0 0 0 0 0 0 0 0 0 0 0 0 0 0 0 0 0 0 0 0 0 0 0 0 0 0 0 0 0 0 0 0 0 0 0 0 0 0 0 0 0 0 0 0 0 0 0 0 0 0 0 0 0 0 0 0 0 0 0 0 0 
0 0 0 0 0 0 0 0 0 0 0 0 0 0 0 0 0 0 0 0 0 0 0 0 0 0 0 0 0 0 0 0 0 0 0 0 0 0 0 0 0 0 0 0 0 0 0 0 0 0 0 0 0 0 0 0 0 0 0 0 0 0 0 0 0 0 0 0 0 0 0 0 0 0 0 0 0 0 0 0 0 0 0 0 0 0 0 0 0 0 0 0 0 0 0 0 0 0 0 0 
0 0 0 0 0 0 0 0 0 0 0 0 0 0 0 0 0 0 0 0 0 0 0 0 0 0 0 0 0 0 0 0 0 0 0 0 0 0 0 0 0 0 0 0 0 0 0 0 0 0 0 0 0 0 0 0 0 0 0 0 0 0 0 0 0 0 0 0 0 0 0 0 0 0 0 0 0 0 0 0 0 0 0 0 0 0 0 0 0 0 0 0 0 0 0 0 0 0 0 0 
0 0 0 0 0 0 0 0 0 0 0 0 0 0 0 0 0 0 0 0 0 0 0 0 0 0 0 0 0 0 0 0 0 0 0 0 0 0 0 0 0 0 0 0 0 0 0 0 0 0 0 0 0 0 0 0 0 0 0 0 0 0 0 0 0 0 0 0 0 0 0 0 0 0 0 0 0 0 0 0 0 0 0 0 0 0 0 0 0 0 0 0 0 0 0 0 0 0 0 0 
0 0 0 0 0 0 0 0 0 0 0 0 0 0 0 0 0 0 0 0 0 0 0 0 0 0 0 0 0 0 0 0 0 0 0 0 0 0 0 0 0 0 0 0 0 0 0 0 0 0 0 0 0 0 0 0 0 0 0 0 0 0 0 0 0 0 0 0 0 0 0 0 0 0 0 0 0 0 0 0 0 0 0 0 0 0 0 0 0 0 0 0 0 0 0 0 0 0 0 0 
0 0 0 0 0 0 0 0 0 0 0 0 0 0 0 0 0 0 0 0 0 0 0 0 0 0 0 0 0 0 0 0 0 0 0 0 0 0 0 0 0 0 0 0 0 0 0 0 0 0 0 0 0 0 0 0 0 0 0 0 0 0 0 0 0 0 0 0 0 0 0 0 0 0 0 0 0 0 0 0 0 0 0 0 0 0 0 0 0 0 0 0 0 0 0 0 0 0 0 0 
0 0 0 0 0 0 0 0 0 0 0 0 0 0 0 0 0 0 0 0 0 0 0 0 0 0 0 0 0 0 0 0 0 0 0 0 0 0 0 0 0 0 0 0 0 0 0 0 0 0 0 0 0 0 0 0 0 0 0 0 0 0 0 0 0 0 0 0 0 0 0 0 0 0 0 0 0 0 0 0 0 0 0 0 0 0 0 0 0 0 0 0 0 0 0 0 0 0 0 0 
0 0 0 0 0 0 0 0 0 0 0 0 0 0 0 0 0 0 0 0 0 0 0 0 0 0 0 0 0 0 0 0 0 0 0 0 0 0 0 0 0 0 0 0 0 0 0 0 0 0 0 0 0 0 0 0 0 0 0 0 0 0 0 0 0 0 0 0 0 0 0 0 0 0 0 0 0 0 0 0 0 0 0 0 0 0 0 0 0 0 0 0 0 0 0 0 0 0 0 0 
0 0 0 0 0 0 0 0 0 0 0 0 0 0 0 0 0 0 0 0 0 0 0 0 0 0 0 0 0 0 0 0 0 0 0 0 0 0 0 0 0 0 0 0 0 0 0 0 0 0 0 0 0 0 0 0 0 0 0 0 0 0 0 0 0 0 0 0 0 0 0 0 0 0 0 0 0 0 0 0 0 0 0 0 0 0 0 0 0 0 0 0 0 0 0 0 0 0 0 0 
0 0 0 0 0 0 0 0 0 0 0 0 0 0 0 0 0 0 0 0 0 0 0 0 0 0 0 0 0 0 0 0 0 0 0 0 0 0 0 0 0 0 0 0 0 0 0 0 0 0 0 0 0 0 0 0 0 0 0 0 0 0 0 0 0 0 0 0 0 0 0 0 0 0 0 0 0 0 0 0 0 0 0 0 0 0 0 0 0 0 0 0 0 0 0 0 0 0 0 0 
0 0 0 0 0 0 0 0 0 0 0 0 0 0 0 0 0 0 0 0 0 0 0 0 0 0 0 0 0 0 0 0 0 0 0 0 0 0 0 0 0 0 0 0 0 0 0 0 0 0 0 0 0 0 0 0 0 0 0 0 0 0 0 0 0 0 0 0 0 0 0 0 0 0 0 0 0 0 0 0 0 0 0 0 0 0 0 0 0 0 0 0 0 0 0 0 0 0 0 0 
0 0 0 0 0 0 0 0 0 0 0 0 0 0 0 0 0 0 0 0 0 0 0 0 0 0 0 0 0 0 0 0 0 0 0 0 0 0 0 0 0 0 0 0 0 0 0 0 0 0 0 0 0 0 0 0 0 0 0 0 0 0 0 0 0 0 0 0 0 0 0 0 0 0 0 0 0 0 0 0 0 0 0 0 0 0 0 0 0 0 0 0 0 0 0 0 0 0 0 0 
0 0 0 0 0 0 0 0 0 0 0 0 0 0 0 0 0 0 0 0 0 0 0 0 0 0 0 0 0 0 0 0 0 0 0 0 0 0 0 0 0 0 0 0 0 0 0 0 0 0 0 0 0 0 0 0 0 0 0 0 0 0 0 0 0 0 0 0 0 0 0 0 0 0 0 0 0 0 0 0 0 0 0 0 0 0 0 0 0 0 0 0 0 0 0 0 0 0 0 0 
0 0 0 0 0 0 0 0 0 0 0 0 0 0 0 0 0 0 0 0 0 0 0 0 0 0 0 0 0 0 0 0 0 0 0 0 0 0 0 0 0 0 0 0 0 0 0 0 0 0 0 0 0 0 0 0 0 0 0 0 0 0 0 0 0 0 0 0 0 0 0 0 0 0 0 0 0 0 0 0 0 0 0 0 0 0 0 0 0 0 0 0 0 0 0 0 0 0 0 0 
0 0 0 0 0 0 0 0 0 0 0 0 0 0 0 0 0 0 0 0 0 0 0 0 0 0 0 0 0 0 0 0 0 0 0 0 0 0 0 0 0 0 0 0 0 0 0 0 0 0 0 0 0 0 0 0 0 0 0 0 0 0 0 0 0 0 0 0 0 0 0 0 0 0 0 0 0 0 0 0 0 0 0 0 0 0 0 0 0 0 0 0 0 0 0 0 0 0 0 0 
0 0 0 0 0 0 0 0 0 0 0 0 0 0 0 0 0 0 0 0 0 0 0 0 0 0 0 0 0 0 0 0 0 0 0 0 0 0 0 0 0 0 0 0 0 0 0 0 0 0 0 0 0 0 0 0 0 0 0 0 0 0 0 0 0 0 0 0 0 0 0 0 0 0 0 0 0 0 0 0 0 0 0 0 0 0 0 0 0 0 0 0 0 0 0 0 0 0 0 0 
# Errors [psd3/psd3.dat] I_err:
0 0 0 0 0 0 0 0 0 0 0 0 0 0 0 0 0 0 0 0 0 0 0 0 0 0 0 0 0 0 0 0 0 0 0 0 0 0 0 0 0 0 0 0 0 0 0 0 0 0 0 0 0 0 0 0 0 0 0 0 0 0 0 0 0 0 0 0 0 0 0 0 0 0 0 0 0 0 0 0 0 0 0 0 0 0 0 0 0 0 0 0 0 0 0 0 0 0 0 0 
0 0 0 0 0 0 0 0 0 0 0 0 0 0 0 0 0 0 0 0 0 0 0 0 0 0 0 0 0 0 0 0 0 0 0 0 0 0 0 0 0 0 0 0 0 0 0 0 0 0 0 0 0 0 0 0 0 0 0 0 0 0 0 0 0 0 0 0 0 0 0 0 0 0 0 0 0 0 0 0 0 0 0 0 0 0 0 0 0 0 0 0 0 0 0 0 0 0 0 0 
0 0 0 0 0 0 0 0 0 0 0 0 0 0 0 0 0 0 0 0 0 0 0 0 0 0 0 0 0 0 0 0 0 0 0 0 0 0 0 0 0 0 0 0 0 0 0 0 0 0 0 0 0 0 0 0 0 0 0 0 0 0 0 0 0 0 0 0 0 0 0 0 0 0 0 0 0 0 0 0 0 0 0 0 0 0 0 0 0 0 0 0 0 0 0 0 0 0 0 0 
0 0 0 0 0 0 0 0 0 0 0 0 0 0 0 0 0 0 0 0 0 0 0 0 0 0 0 0 0 0 0 0 0 0 0 0 0 0 0 0 0 0 0 0 0 0 0 0 0 0 0 0 0 0 0 0 0 0 0 0 0 0 0 0 0 0 0 0 0 0 0 0 0 0 0 0 0 0 0 0 0 0 0 0 0 0 0 0 0 0 0 0 0 0 0 0 0 0 0 0 
0 0 0 0 0 0 0 0 0 0 0 0 0 0 0 0 0 0 0 0 0 0 0 0 0 0 0 0 0 0 0 0 0 0 0 0 0 0 0 0 0 0 0 0 0 0 0 0 0 0 0 0 0 0 0 0 0 0 0 0 0 0 0 0 0 0 0 0 0 0 0 0 0 0 0 0 0 0 0 0 0 0 0 0 0 0 0 0 0 0 0 0 0 0 0 0 0 0 0 0 
0 0 0 0 0 0 0 0 0 0 0 0 0 0 0 0 0 0 0 0 0 0 0 0 0 0 0 0 0 0 0 0 0 0 0 0 0 0 0 0 0 0 0 0 0 0 0 0 0 0 0 0 0 0 0 0 0 0 0 0 0 0 0 0 0 0 0 0 0 0 0 0 0 0 0 0 0 0 0 0 0 0 0 0 0 0 0 0 0 0 0 0 0 0 0 0 0 0 0 0 
0 0 0 0 0 0 0 0 0 0 0 0 0 0 0 0 0 0 0 0 0 0 0 0 0 0 0 0 0 0 0 0 0 0 0 0 0 0 0 0 0 0 0 0 0 0 0 0 0 0 0 0 0 0 0 0 0 0 0 0 0 0 0 0 0 0 0 0 0 0 0 0 0 0 0 0 0 0 0 0 0 0 0 0 0 0 0 0 0 0 0 0 0 0 0 0 0 0 0 0 
0 0 0 0 0 0 0 0 0 0 0 0 0 0 0 0 0 0 0 0 0 0 0 0 0 0 0 0 0 0 0 0 0 0 0 0 0 0 0 0 0 0 0 0 0 0 0 0 0 0 0 0 0 0 0 0 0 0 0 0 0 0 0 0 0 0 0 0 0 0 0 0 0 0 0 0 0 0 0 0 0 0 0 0 0 0 0 0 0 0 0 0 0 0 0 0 0 0 0 0 
0 0 0 0 0 0 0 0 0 0 0 0 0 0 0 0 0 0 0 0 0 0 0 0 0 0 0 0 0 0 0 0 0 0 0 0 0 0 0 0 0 0 0 0 0 0 0 0 0 0 0 0 0 0 0 0 0 0 0 0 0 0 0 0 0 0 0 0 0 0 0 0 0 0 0 0 0 0 0 0 0 0 0 0 0 0 0 0 0 0 0 0 0 0 0 0 0 0 0 0 
0 0 0 0 0 0 0 0 0 0 0 0 0 0 0 0 0 0 0 0 0 0 0 0 0 0 0 0 0 0 0 0 0 0 0 0 0 0 0 0 0 0 0 0 0 0 0 0 0 0 0 0 0 0 0 0 0 0 0 0 0 0 0 0 0 0 0 0 0 0 0 0 0 0 0 0 0 0 0 0 0 0 0 0 0 0 0 0 0 0 0 0 0 0 0 0 0 0 0 0 
0 0 0 0 0 0 0 0 0 0 0 0 0 0 0 0 0 0 0 0 0 0 0 0 0 0 0 0 0 0 0 0 0 0 0 0 0 0 0 0 0 0 0 0 0 0 0 0 0 0 0 0 0 0 0 0 0 0 0 0 0 0 0 0 0 0 0 0 0 0 0 0 0 0 0 0 0 0 0 0 0 0 0 0 0 0 0 0 0 0 0 0 0 0 0 0 0 0 0 0 
0 0 0 0 0 0 0 0 0 0 0 0 0 0 0 0 0 0 0 0 0 0 0 0 0 0 0 0 0 0 0 0 0 0 0 0 0 0 0 0 0 0 0 0 0 0 0 0 0 0 0 0 0 0 0 0 0 0 0 0 0 0 0 0 0 0 0 0 0 0 0 0 0 0 0 0 0 0 0 0 0 0 0 0 0 0 0 0 0 0 0 0 0 0 0 0 0 0 0 0 
0 0 0 0 0 0 0 0 0 0 0 0 0 0 0 0 0 0 0 0 0 0 0 0 0 0 0 0 0 0 0 0 0 0 0 0 0 0 0 0 0 0 0 0 0 0 0 0 0 0 0 0 0 0 0 0 0 0 0 0 0 0 0 0 0 0 0 0 0 0 0 0 0 0 0 0 0 0 0 0 0 0 0 0 0 0 0 0 0 0 0 0 0 0 0 0 0 0 0 0 
0 0 0 0 0 0 0 0 0 0 0 0 0 0 0 0 0 0 0 0 0 0 0 0 0 0 0 0 0 0 0 0 0 0 0 0 0 0 0 0 0 0 0 0 0 0 0 0 0 0 0 0 0 0 0 0 0 0 0 0 0 0 0 0 0 0 0 0 0 0 0 0 0 0 0 0 0 0 0 0 0 0 0 0 0 0 0 0 0 0 0 0 0 0 0 0 0 0 0 0 
0 0 0 0 0 0 0 0 0 0 0 0 0 0 0 0 0 0 0 0 0 0 0 0 0 0 0 0 0 0 0 0 0 0 0 0 0 0 0 0 0 0 0 0 0 0 0 0 0 0 0 0 0 0 0 0 0 0 0 0 0 0 0 0 0 0 0 0 0 0 0 0 0 0 0 0 0 0 0 0 0 0 0 0 0 0 0 0 0 0 0 0 0 0 0 0 0 0 0 0 
0 0 0 0 0 0 0 0 0 0 0 0 0 0 0 0 0 0 0 0 0 0 0 0 0 0 0 0 0 0 0 0 0 0 0 0 0 0 0 0 0 0 0 0 0 0 0 0 0 0 0 0 0 0 0 0 0 0 0 0 0 0 0 0 0 0 0 0 0 0 0 0 0 0 0 0 0 0 0 0 0 0 0 0 0 0 0 0 0 0 0 0 0 0 0 0 0 0 0 0 
0 0 0 0 0 0 0 0 0 0 0 0 0 0 0 0 0 0 0 0 0 0 0 0 0 0 0 0 0 0 0 0 0 0 0 0 0 0 0 0 0 0 0 0 0 0 0 0 0 0 0 0 0 0 0 0 0 0 0 0 0 0 0 0 0 0 0 0 0 0 0 0 0 0 0 0 0 0 0 0 0 0 0 0 0 0 0 0 0 0 0 0 0 0 0 0 0 0 0 0 
0 0 0 0 0 0 0 0 0 0 0 0 0 0 0 0 0 0 0 0 0 0 0 0 0 0 0 0 0 0 0 0 0 0 0 0 0 0 0 0 0 0 0 0 0 0 0 0 0 0 0 0 0 0 0 0 0 0 0 0 0 0 0 0 0 0 0 0 0 0 0 0 0 0 0 0 0 0 0 0 0 0 0 0 0 0 0 0 0 0 0 0 0 0 0 0 0 0 0 0 
0 0 0 0 0 0 0 0 0 0 0 0 0 0 0 0 0 0 0 0 0 0 0 0 0 0 0 0 0 0 0 0 0 0 0 0 0 0 0 0 0 0 0 0 0 0 0 0 0 0 0 0 0 0 0 0 0 0 0 0 0 0 0 0 0 0 0 0 0 0 0 0 0 0 0 0 0 0 0 0 0 0 0 0 0 0 0 0 0 0 0 0 0 0 0 0 0 0 0 0 
0 0 0 0 0 0 0 0 0 0 0 0 0 0 0 0 0 0 0 0 0 0 0 0 0 0 0 0 0 0 0 0 0 0 0 0 0 0 0 0 0 0 0 0 0 0 0 0 0 0 0 0 0 0 0 0 0 0 0 0 0 0 0 0 0 0 0 0 0 0 0 0 0 0 0 0 0 0 0 0 0 0 0 0 0 0 0 0 0 0 0 0 0 0 0 0 0 0 0 0 
0 0 0 0 0 0 0 0 0 0 0 0 0 0 0 0 0 0 0 0 0 0 0 0 0 0 0 0 0 0 0 0 0 0 0 0 0 0 0 0 0 0 0 0 0 0 0 0 0 0 0 0 0 0 0 0 0 0 0 0 0 0 0 0 0 0 0 0 0 0 0 0 0 0 0 0 0 0 0 0 0 0 0 0 0 0 0 0 0 0 0 0 0 0 0 0 0 0 0 0 
0 0 0 0 0 0 0 0 0 0 0 0 0 0 0 0 0 0 0 0 0 0 0 0 0 0 0 0 0 0 0 0 0 0 0 0 0 0 0 0 0 0 0 0 0 0 0 0 0 0 0 0 0 0 0 0 0 0 0 0 0 0 0 0 0 0 0 0 0 0 0 0 0 0 0 0 0 0 0 0 0 0 0 0 0 0 0 0 0 0 0 0 0 0 0 0 0 0 0 0 
0 0 0 0 0 0 0 0 0 0 0 0 0 0 0 0 0 0 0 0 0 0 0 0 0 0 0 0 0 0 0 0 0 0 0 0 0 0 0 0 0 0 0 0 0 0 0 0 0 0 0 0 0 0 0 0 0 0 0 0 0 0 0 0 0 0 0 0 0 0 0 0 0 0 0 0 0 0 0 0 0 0 0 0 0 0 0 0 0 0 0 0 0 0 0 0 0 0 0 0 
0 0 0 0 0 0 0 0 0 0 0 0 0 0 0 0 0 0 0 0 0 0 0 0 0 0 0 0 0 0 0 0 0 0 0 0 0 0 0 0 0 0 0 0 0 0 0 0 0 0 0 0 0 0 0 0 0 0 0 0 0 0 0 0 0 0 0 0 0 0 0 0 0 0 0 0 0 0 0 0 0 0 0 0 0 0 0 0 0 0 0 0 0 0 0 0 0 0 0 0 
0 0 0 0 0 0 0 0 0 0 0 0 0 0 0 0 0 0 0 0 0 0 0 0 0 0 0 0 0 0 0 0 0 0 0 0 0 0 0 0 0 0 0 0 0 0 0 0 0 0 0 0 0 0 0 0 0 0 0 0 0 0 0 0 0 0 0 0 0 0 0 0 0 0 0 0 0 0 0 0 0 0 0 0 0 0 0 0 0 0 0 0 0 0 0 0 0 0 0 0 
0 0 0 0 0 0 0 0 0 0 0 0 0 0 0 0 0 0 0 0 0 0 0 0 0 0 0 0 0 0 0 0 0 0 0 0 0 0 0 0 0 0 0 0 0 0 0 0 0 0 0 0 0 0 0 0 0 0 0 0 0 0 0 0 0 0 0 0 0 0 0 0 0 0 0 0 0 0 0 0 0 0 0 0 0 0 0 0 0 0 0 0 0 0 0 0 0 0 0 0 
0 0 0 0 0 0 0 0 0 0 0 0 0 0 0 0 0 0 0 0 0 0 0 0 0 0 0 0 0 0 0 0 0 0 0 0 0 0 0 0 0 0 0 0 0 0 0 0 0 0 0 0 0 0 0 0 0 0 0 0 0 0 0 0 0 0 0 0 0 0 0 0 0 0 0 0 0 0 0 0 0 0 0 0 0 0 0 0 0 0 0 0 0 0 0 0 0 0 0 0 
0 0 0 0 0 0 0 0 0 0 0 0 0 0 0 0 0 0 0 0 0 0 0 0 0 0 0 0 0 0 0 0 0 0 0 0 0 0 0 0 0 0 0 0 0 0 0 0 0 0 0 0 0 0 0 0 0 0 0 0 0 0 0 0 0 0 0 0 0 0 0 0 0 0 0 0 0 0 0 0 0 0 0 0 0 0 0 0 0 0 0 0 0 0 0 0 0 0 0 0 
0 0 0 0 0 0 0 0 0 0 0 0 0 0 0 0 0 0 0 0 0 0 0 0 0 0 0 0 0 0 0 0 0 0 0 0 0 0 0 0 0 0 0 0 0 0 0 0 0 0 0 0 0 0 0 0 0 0 0 0 0 0 0 0 0 0 0 0 0 0 0 0 0 0 0 0 0 0 0 0 0 0 0 0 0 0 0 0 0 0 0 0 0 0 0 0 0 0 0 0 
0 0 0 0 0 0 0 0 0 0 0 0 0 0 0 0 0 0 0 0 0 0 0 0 0 0 0 0 0 0 0 0 0 0 0 0 0 0 0 0 0 0 0 0 0 0 0 0 0 0 0 0 0 0 0 0 0 0 0 0 0 0 0 0 0 0 0 0 0 0 0 0 0 0 0 0 0 0 0 0 0 0 0 0 0 0 0 0 0 0 0 0 0 0 0 0 0 0 0 0 
0 0 0 0 0 0 0 0 0 0 0 0 0 0 0 0 0 0 0 0 0 0 0 0 0 0 0 0 0 0 0 0 0 0 0 0 0 0 0 0 0 0 0 0 0 0 0 0 0 0 0 0 0 0 0 0 0 0 0 0 0 0 0 0 0 0 0 0 0 0 0 0 0 0 0 0 0 0 0 0 0 0 0 0 0 0 0 0 0 0 0 0 0 0 0 0 0 0 0 0 
0 0 0 0 0 0 0 0 0 0 0 0 0 0 0 0 0 0 0 0 0 0 0 0 0 0 0 0 0 0 0 0 0 0 0 0 0 0 0 0 0 0 0 0 0 0 0 0 0 0 0 0 0 0 0 0 0 0 0 0 0 0 0 0 0 0 0 0 0 0 0 0 0 0 0 0 0 0 0 0 0 0 0 0 0 0 0 0 0 0 0 0 0 0 0 0 0 0 0 0 
0 0 0 0 0 0 0 0 0 0 0 0 0 0 0 0 0 0 0 0 0 0 0 0 0 0 0 0 0 0 0 0 0 0 0 0 0 0 0 0 0 0 0 0 0 0 0 0 0 0 0 0 0 0 0 0 0 0 0 0 0 0 0 0 0 0 0 0 0 0 0 0 0 0 0 0 0 0 0 0 0 0 0 0 0 0 0 0 0 0 0 0 0 0 0 0 0 0 0 0 
0 0 0 0 0 0 0 0 0 0 0 0 0 0 0 0 0 0 0 0 0 0 0 0 738.3005909 3599.929662 3527.367203 3436.945055 3759.136881 3873.293326 3562.505507 3736.318062 3586.315207 3736.427594 3476.643576 3592.223421 3893.213122 3557.099962 3422.801178 3760.419679 3508.971727 3916.625808 3487.463088 3751.490606 3504.448514 3363.248934 3652.448538 3301.972184 3843.885782 3821.643533 3556.781461 3733.762472 4109.637853 3501.017223 3379.353669 3743.675085 3775.330424 3583.487719 3826.538317 3816.526363 3424.210485 3409.667908 3759.690155 3748.020023 3638.19536 3225.015405 3222.686913 3827.51376 3508.553882 3548.274155 3512.378921 3512.483817 3500.181479 3501.317651 3401.84614 488.2864977 0 0 0 0 0 0 0 0 0 0 0 0 0 0 0 0 0 0 0 0 0 0 0 0 
0 0 0 0 0 0 0 0 0 0 0 0 0 0 0 0 0 0 0 0 0 0 0 0 657.343664 4736.238288 4677.013485 4481.211153 4215.176066 4618.863772 4606.288311 4291.718014 4541.656746 4423.768042 4818.157754 4283.835561 4655.03962 4243.657964 4042.272183 4343.94941 4490.02126 4265.645153 4458.098101 4254.161479 4766.139413 4432.069444 4386.031656 4329.969363 4363.60814 4355.864783 4347.699338 4540.429375 4315.607984 4333.311417 4174.605111 4295.801299 4666.676197 4177.197552 4389.80725 4385.667557 4502.221263 4422.246238 4419.359587 4455.150789 4040.893467 4351.026343 4422.735905 4353.945156 4273.381007 4506.470726 4199.162299 4698.132453 4579.61678 4312.601595 4133.930123 818.9970531 0 0 0 0 0 0 0 0 0 0 0 0 0 0 0 0 0 0 0 0 0 0 0 0 
0 0 0 0 0 0 0 0 0 0 0 0 0 0 0 0 0 0 0 0 0 0 0 0 688.2298589 4218.947151 4342.544603 4577.610881 4343.577919 4577.0563 4613.294876 4708.224062 4222.858226 4370.334621 4655.352235 4638.157975 4144.713792 4484.156729 4636.76536 4128.134225 4478.387788 4453.868559 4572.315145 4370.656698 4419.619949 4585.378305 4600.835039 4248.8316 4382.669537 4268.634565 4468.880925 4507.791011 4451.19888 4368.075389 4591.808145 4614.400424 4649.971258 4377.622301 4268.353741 4637.332419 4262.175042 4379.286267 4743.73205 4341.349467 4576.838188 4372.6795 4552.305823 4425.990925 4412.928197 4513.723932 4529.951399 4274.340638 4488.039792 4757.38463 4461.761497 583.3409086 0 0 0 0 0 0 0 0 0 0 0 0 0 0 0 0 0 0 0 0 0 0 0 0 
0 0 0 0 0 0 0 0 0 0 0 0 0 0 0 0 0 0 0 0 0 0 0 0 658.7794682 4145.955921 4441.15892 4450.787603 4432.186174 4507.67862 4334.367556 4518.804296 4533.146941 4429.140561 4552.377597 4162.429878 4558.647306 4459.091367 4737.088713 4381.72409 4553.773398 4425.039779 4195.289116 4643.895752 4614.458388 4621.960652 4371.32821 4410.106286 4207.380644 4323.508651 4272.540019 4341.743127 4124.355459 4562.465033 4470.909274 4381.866658 4340.069573 3975.158566 4644.584487 4476.780592 4152.618737 4438.875666 4466.94257 4633.679646 4362.449049 4282.143313 4272.513765 4461.824737 4578.774061 4332.444082 4328.506589 4534.76734 4581.64179 4413.187749 4361.24835 486.261395 0 0 0 0 0 0 0 0 0 0 0 0 0 0 0 0 0 0 0 0 0 0 0 0 
0 0 0 0 0 0 0 0 0 0 0 0 0 0 0 0 0 0 0 0 0 0 0 0 589.9285562 4319.857449 4810.592155 4476.510667 4430.800486 4380.83095 4377.27137 4539.753454 4530.705349 4333.254293 4624.439244 4344.584053 4398.632236 4476.860039 4461.534967 4308.583416 4295.413923 4439.105523 4402.215038 4378.13059 4408.755407 4336.23849 4404.976699 4297.144955 4232.605389 4635.884386 4204.966108 4289.739079 4514.535502 4041.786547 4616.946348 4523.020501 4520.612169 4203.755868 4408.766814 4545.982149 4237.684122 4173.339712 4201.47387 4290.914954 4526.095184 4378.011525 4382.132147 4380.888087 4139.831822 4190.059704 4401.343443 4179.094351 4287.38236 4296.151206 4241.630019 668.4447032 0 0 0 0 0 0 0 0 0 0 0 0 0 0 0 0 0 0 0 0 0 0 0 0 
0 0 0 0 0 0 0 0 0 0 0 0 0 0 0 0 0 0 0 0 0 0 0 0 641.3874549 4253.41745 4479.098872 4566.551875 4657.815033 4583.993859 4661.954988 4817.613611 4598.249177 4633.793121 4449.266298 4405.148148 4324.821523 4450.366746 4562.086589 4370.374409 4451.77572 4422.649077 4463.961563 4488.745318 4428.243803 4331.88348 4375.525924 4185.004073 4668.607103 4440.905697 4592.11647 4568.427043 4312.386268 4440.72243 4408.744227 4265.865803 4539.851169 4736.034967 4473.095601 4230.646269 4629.2598 4378.863949 4451.370202 4731.464549 4323.129671 4593.551846 4145.638469 4617.2728 4352.730304 4541.694436 4553.601558 4424.55754 4512.315833 4300.545462 4411.384807 718.7471473 0 0 0 0 0 0 0 0 0 0 0 0 0 0 0 0 0 0 0 0 0 0 0 0 
0 0 0 0 0 0 0 0 0 0 0 0 0 0 0 0 0 0 0 0 0 0 0 0 859.8809953 4689.273726 4599.38116 4744.888145 4356.840246 4564.48445 4425.889216 4674.420636 4474.504789 4648.150565 4347.786753 4397.035323 4697.042463 4745.615446 4340.832399 4483.016018 4659.1295 4462.159146 4408.19009 4398.875558 4504.213596 4516.868456 4527.902169 4432.411614 4307.220848 4467.183166 4612.761317 4305.892961 4384.470505 4153.99866 4354.353717 4512.399947 4386.981136 4548.878829 4539.862107 4565.714921 4275.533037 4344.841679 4442.954764 4620.681232 4184.074038 4635.815773 4620.138253 4307.231248 4651.632826 4351.312784 4173.911365 4308.276022 4490.150076 4747.758723 4217.326758 875.795631 0 0 0 0 0 0 0 0 0 0 0 0 0 0 0 0 0 0 0 0 0 0 0 0 
0 0 0 0 0 0 0 0 0 0 0 0 0 0 0 0 0 0 0 0 0 0 0 0 343.1562609 4632.350043 4442.341949 4530.115135 4820.737071 4363.125493 4476.979348 4384.855418 4286.054418 4197.128817 4476.903661 4468.777347 4358.806861 4512.657069 4252.63642 4444.02906 4543.436496 4623.652312 4520.80972 4318.820211 4290.041664 4478.136751 4563.700247 4212.41193 4402.782347 4374.52405 4276.261795 4555.15071 4199.261426 4417.193093 4583.95751 4380.088138 4141.258165 4187.067387 4365.709631 4240.813943 4243.321656 4414.537909 4277.948617 4372.479861 4310.296565 4273.803899 4384.509331 4652.365952 4317.460939 4459.087707 4484.498314 4403.877662 4296.582407 4217.598907 4527.478164 934.1388233 0 0 0 0 0 0 0 0 0 0 0 0 0 0 0 0 0 0 0 0 0 0 0 0 
0 0 0 0 0 0 0 0 0 0 0 0 0 0 0 0 0 0 0 0 0 0 0 0 712.8478356 4660.424396 4756.398175 4434.025013 4340.795292 4707.050612 4377.019981 4335.678692 4480.719899 4651.456194 4582.921164 4515.084132 4514.479877 4657.727157 4464.413608 4479.108693 4250.933413 4343.11451 4051.368075 4348.362164 4343.419647 4148.64276 4285.927261 4231.295085 4340.547536 4045.178091 4411.940095 4391.59784 4404.731763 4203.160222 4686.55634 4563.106958 4517.318639 4600.212533 4177.857705 4346.028234 4336.22922 4693.5025 4041.678554 4446.302931 4624.236219 4285.249935 4207.77788 4286.065963 4623.065418 4277.321062 4692.494293 4541.21269 4379.565298 4129.942128 4325.643046 871.0156648 0 0 0 0 0 0 0 0 0 0 0 0 0 0 0 0 0 0 0 0 0 0 0 0 
0 0 0 0 0 0 0 0 0 0 0 0 0 0 0 0 0 0 0 0 0 0 0 0 605.5181781 4362.133681 4312.346131 4527.679849 4596.493287 4348.13757 4417.475688 4538.852132 4515.335183 4579.686543 4482.241214 4287.124827 4303.334401 4354.151709 4583.403098 4422.972467 4485.623734 4331.467662 4463.668437 4790.879307 4590.986591 4244.349431 4530.968471 4431.702775 4328.493785 4420.458096 4174.73511 4558.662853 4430.588384 4405.720903 4313.301369 4423.333652 4027.975448 4391.262015 4323.042169 4559.262229 4267.652773 4538.049061 4407.740125 4246.366415 4122.620808 4212.278582 4493.580746 4514.253777 4319.355179 4187.117535 4424.38554 4302.51352 4682.289428 4389.275884 4349.390499 354.6895324 0 0 0 0 0 0 0 0 0 0 0 0 0 0 0 0 0 0 0 0 0 0 0 0 
0 0 0 0 0 0 0 0 0 0 0 0 0 0 0 0 0 0 0 0 0 0 0 0 659.8571951 4372.569317 4442.886474 4553.016646 4600.914124 4476.708083 4347.698926 4566.218398 4574.440631 4520.52284 4510.98136 4702.146203 4626.038793 4453.660316 4588.023689 4677.737943 4499.69925 4559.912513 4293.727998 4512.811995 4528.883407 4434.542711 4197.51212 4460.770721 4175.674606 4383.575895 4437.942379 4243.127526 4400.89428 4543.387638 4188.315212 4243.105129 4133.248357 4281.224962 4434.896379 4276.952748 4333.909711 4199.640953 4308.896506 4347.347949 4059.786012 4403.338396 4213.718379 4446.003155 4419.981705 4268.952863 4443.693718 4574.45696 4245.039393 4375.063402 4132.897544 928.060179 0 0 0 0 0 0 0 0 0 0 0 0 0 0 0 0 0 0 0 0 0 0 0 0 
0 0 0 0 0 0 0 0 0 0 0 0 0 0 0 0 0 0 0 0 0 0 0 0 585.592153 4464.398803 4736.251059 4425.300229 4368.13205 4748.813706 4243.144808 4435.978858 4438.51459 4264.26302 4603.670862 4197.849059 4317.676927 4226.749678 4581.93546 4278.670613 4245.15612 4623.485815 4474.157728 4270.70864 4233.001142 4231.081406 4240.030553 4271.061622 4438.547004 4502.816982 4385.468618 4325.680374 4611.943342 4389.489635 4204.222591 4371.376567 4207.219869 4462.69537 4388.073516 4591.387094 4249.814378 4193.3305 4351.30959 4431.088787 4483.870567 4684.124657 4256.779138 4289.089695 4259.169745 4186.203141 4463.187861 4324.551133 4055.189363 4107.201946 4427.92272 744.5658971 0 0 0 0 0 0 0 0 0 0 0 0 0 0 0 0 0 0 0 0 0 0 0 0 
0 0 0 0 0 0 0 0 0 0 0 0 0 0 0 0 0 0 0 0 0 0 0 0 471.0192317 4798.619359 4600.230126 4674.05705 4481.871958 4724.88061 4631.264653 3995.085449 4373.342908 4037.269119 4415.277899 4212.085421 4256.933921 4742.363741 4116.970444 4452.488905 4473.05993 4368.679758 4494.101653 4532.313446 4499.828261 4560.442529 4381.737346 4363.299163 4352.983407 4452.279769 4063.513193 4149.221791 4579.642997 4467.911062 4395.382686 4271.494709 4234.066015 4415.126443 4302.428054 4261.708346 4295.808537 4513.575193 4524.735548 4337.505285 4180.705813 4597.900088 4391.386124 4491.398732 4382.905041 4394.237506 4461.536031 4455.116026 4352.436388 4029.002812 4300.754214 858.9858368 0 0 0 0 0 0 0 0 0 0 0 0 0 0 0 0 0 0 0 0 0 0 0 0 
0 0 0 0 0 0 0 0 0 0 0 0 0 0 0 0 0 0 0 0 0 0 0 0 5.626458723 4495.917563 4530.515322 4447.390433 4766.294655 4703.167678 4300.936429 4764.546596 4406.004897 4552.345809 4241.901854 4533.363157 4492.160396 4582.964737 4281.383241 4266.601215 4366.016782 4409.218449 4404.360507 4341.49323 4197.069346 4542.562335 4673.006795 4443.965723 4478.856974 4146.9388 4393.903887 4387.816494 4118.469768 4559.893589 4366.985396 4226.391249 4357.075835 4379.555335 4262.409736 4576.793786 4383.71316 4454.155907 4186.857883 4125.641475 4251.201803 4548.569394 4201.72539 4307.986665 4135.262859 4130.188341 4156.743183 4445.035522 4219.330353 4357.440461 4411.077579 930.7682735 0 0 0 0 0 0 0 0 0 0 0 0 0 0 0 0 0 0 0 0 0 0 0 0 
0 0 0 0 0 0 0 0 0 0 0 0 0 0 0 0 0 0 0 0 0 0 0 0 902.7541182 4394.285442 4289.859559 4558.218559 4415.332849 4494.658752 4076.92591 4407.518503 4495.474883 4533.575515 4524.2046 4436.918976 4411.527304 4386.063291 4359.160649 4454.669496 4430.289752 4366.030225 4153.901832 4445.02279 4453.446478 4363.586225 3990.37836 4224.291864 4152.025564 4024.715266 4526.129571 4151.680294 4254.248865 4414.672964 4119.984178 4569.698515 4713.346702 4404.848053 4379.751799 3935.296911 4177.894074 4079.917228 4330.088336 4473.946232 4414.121958 4257.010863 4365.828844 4529.934298 4275.359374 4344.951245 4531.904923 4406.70367 4029.475043 4153.990262 4203.684836 676.1748809 0 0 0 0 0 0 0 0 0 0 0 0 0 0 0 0 0 0 0 0 0 0 0 0 
0 0 0 0 0 0 0 0 0 0 0 0 0 0 0 0 0 0 0 0 0 0 0 0 1043.535367 4402.241037 4443.934284 4432.649893 4340.950236 4309.783154 4686.540125 4775.566476 4140.046987 4274.624069 4581.699197 4297.816983 4218.587288 4641.880074 4388.683727 4519.269064 4280.936864 4189.513567 4477.713582 4485.624941 4645.489651 4509.959612 3818.322706 4415.241348 4388.317965 4371.248358 4115.827673 4482.177233 4217.29823 4073.854741 4468.695572 4625.241482 4521.446051 4349.896334 4314.918732 4326.56116 4340.645224 4688.930622 4101.234478 4581.2498 4111.679996 4619.700335 4396.881462 4301.61412 4172.484622 4404.538602 4464.933163 4277.969958 4382.339777 4515.497307 4369.549869 657.2811548 0 0 0 0 0 0 0 0 0 0 0 0 0 0 0 0 0 0 0 0 0 0 0 0 
0 0 0 0 0 0 0 0 0 0 0 0 0 0 0 0 0 0 0 0 0 0 0 0 752.7122375 4562.686522 4434.113195 4394.081852 4342.457814 4468.318702 4653.092268 4328.964944 4458.184634 4552.764455 4386.518983 4583.392712 4424.454362 4480.388337 4359.249566 4483.156161 4606.516007 4550.334559 4543.064188 4572.290859 4632.21458 4385.372118 4448.969818 4073.962808 4344.940623 4477.788637 4475.240441 4613.230016 4188.869846 4451.817766 4472.831311 4493.245384 4490.05394 4256.894721 4261.608028 4498.653854 4331.277337 4482.499073 4770.713918 4541.793119 4472.581031 4531.663922 4480.91989 4465.316417 4532.020176 4555.721777 4330.57486 4214.492077 4367.130898 4335.404981 4212.905793 760.0698862 0 0 0 0 0 0 0 0 0 0 0 0 0 0 0 0 0 0 0 0 0 0 0 0 
0 0 0 0 0 0 0 0 0 0 0 0 0 0 0 0 0 0 0 0 0 0 0 0 552.3516111 4593.213101 4478.280033 4660.573144 4462.941711 4623.039457 4362.511404 4475.686377 4383.321421 4248.747767 3852.30143 4287.833059 4356.03181 4376.242491 4298.621513 4463.687912 4235.03082 4433.61594 4240.694869 4760.586934 4492.836264 4518.418059 4154.336281 4448.126143 4119.942357 4108.012219 4356.071996 4399.396201 4507.038055 4329.518064 4289.364344 4099.817053 4312.833482 4247.776737 4456.042831 4625.612506 4369.847651 4248.444623 4201.860082 4339.722931 4501.874791 4269.896412 4472.120104 4471.37585 4352.277553 4379.177157 4293.949376 4408.16095 4288.238228 4378.483359 4360.954557 592.659188 0 0 0 0 0 0 0 0 0 0 0 0 0 0 0 0 0 0 0 0 0 0 0 0 
0 0 0 0 0 0 0 0 0 0 0 0 0 0 0 0 0 0 0 0 0 0 0 0 750.5968152 4253.426284 4467.747077 4587.669486 4324.11982 4859.415358 4502.445464 4623.624845 4334.261316 4366.49685 4236.227035 4406.273453 4440.063437 4314.090206 4426.382133 4119.08879 4597.837877 4457.478619 4291.576214 4442.947194 4555.058646 4702.445324 4243.920568 4276.078766 3977.714343 4474.105567 4423.485685 4519.266897 4220.040806 4642.971127 4309.737438 4601.009761 4345.226504 4183.19716 4388.136938 4368.534987 4456.905134 4612.73141 4445.013572 4210.187169 4174.748447 4279.781139 4288.132752 4214.756818 4121.031373 4511.022031 4319.963417 4337.292606 4157.211913 4097.622546 4368.159482 739.798639 0 0 0 0 0 0 0 0 0 0 0 0 0 0 0 0 0 0 0 0 0 0 0 0 
0 0 0 0 0 0 0 0 0 0 0 0 0 0 0 0 0 0 0 0 0 0 0 0 741.9081177 4539.199318 4408.205703 4242.442051 4622.939115 4013.081478 4457.443753 4271.09981 4560.515653 4393.258773 4548.789146 4451.63862 4332.016959 4503.89355 4449.118502 4474.394777 4492.562576 4232.74598 4462.148962 4564.461526 4222.342942 4600.095624 4522.066574 4630.177901 4165.687162 4323.463676 4314.735292 4183.089809 4573.035829 4368.284454 4099.756443 4234.52985 4194.773797 4521.977773 4304.789987 4061.600779 4258.874723 4256.874065 4497.889988 4286.06196 4404.130325 4280.47774 4466.285907 4704.170747 4461.620597 4409.513651 4156.23791 4178.13123 4102.729342 3993.029976 4147.436128 670.9135395 0 0 0 0 0 0 0 0 0 0 0 0 0 0 0 0 0 0 0 0 0 0 0 0 
0 0 0 0 0 0 0 0 0 0 0 0 0 0 0 0 0 0 0 0 0 0 0 0 495.3128911 4464.711945 4380.163708 4183.167863 4525.712185 4225.585988 4367.707604 4574.446402 4330.705702 4521.957034 4431.293364 4362.903331 4505.808997 4543.403717 4359.386079 4515.194661 4443.365679 4578.074618 3889.140164 4387.327247 4400.368401 4617.332405 4606.425729 4635.637963 4295.066956 4398.947423 4491.567777 4058.211295 4393.345478 4266.008779 4421.556799 4342.213811 4211.661603 4530.490083 4489.019721 4186.810398 4355.271553 4462.06256 4540.085185 4385.476217 4138.519134 4243.740296 4618.902769 4495.924866 4520.782828 4459.964686 4117.432112 4288.66781 4283.917805 4705.669717 4059.822582 335.9491753 0 0 0 0 0 0 0 0 0 0 0 0 0 0 0 0 0 0 0 0 0 0 0 0 
0 0 0 0 0 0 0 0 0 0 0 0 0 0 0 0 0 0 0 0 0 0 0 0 867.4007103 4628.673917 4582.517895 4582.977252 4340.25708 4446.940613 4353.144641 4782.258269 4528.91899 4319.223819 4526.272915 4349.436092 4443.207106 4164.713373 4564.226066 4520.263032 4336.642777 4271.742812 4278.194493 4573.26442 4472.294908 4765.013829 4337.627929 4370.710708 4209.183754 4307.605047 4616.787682 4513.466578 4090.340938 4539.163438 4257.582305 4243.405916 4249.207251 4163.460232 4243.558521 4416.826126 4202.943502 4421.697076 4452.679186 4486.82886 4304.452246 4055.973764 4132.12012 4302.961464 4340.116749 4518.063541 4396.515873 4277.929086 4449.537351 4130.96637 4220.571242 580.1960427 0 0 0 0 0 0 0 0 0 0 0 0 0 0 0 0 0 0 0 0 0 0 0 0 
0 0 0 0 0 0 0 0 0 0 0 0 0 0 0 0 0 0 0 0 0 0 0 0 821.3038416 4420.098449 4812.818182 4575.887733 4668.129733 4555.993295 4694.716601 4629.161869 4436.801283 4496.08032 4429.40766 4354.707423 4449.542451 4522.354859 4295.990882 4363.08346 4582.478276 4080.411339 4268.329739 4462.604102 4271.092145 4250.007323 4346.667173 4758.542429 4386.962278 4370.228528 4511.301645 4506.073287 4484.695354 4426.717765 4351.587533 4377.762311 4456.104473 4514.574879 4198.318354 4271.362952 4215.395653 4309.874749 4691.108426 4253.608536 4434.21477 4530.918334 4295.856481 4397.717239 4471.099311 4375.558305 4462.112575 4513.817246 4273.39795 4271.635691 4579.438402 677.7651063 0 0 0 0 0 0 0 0 0 0 0 0 0 0 0 0 0 0 0 0 0 0 0 0 
0 0 0 0 0 0 0 0 0 0 0 0 0 0 0 0 0 0 0 0 0 0 0 0 502.2311028 4365.664807 4661.585979 4108.639224 4490.687808 4559.292696 4457.171715 4272.536949 4568.550496 4195.032934 4252.921564 4067.077126 4665.019736 4272.669224 4311.125386 4236.909061 4633.098328 4570.484677 4062.444864 4558.846814 4708.877653 4301.688794 4645.527526 4442.306201 4543.459678 4438.82603 4223.748788 4635.265861 4314.81427 4468.389751 4290.456027 4461.100098 4458.428176 4231.37772 4080.69015 4181.41177 4382.869103 4545.128592 4327.200994 4605.015271 4475.552891 4485.154826 4678.553298 4409.867659 4446.454045 4352.567843 4196.173931 4411.459593 4613.876348 4469.251 4323.328666 930.8577968 0 0 0 0 0 0 0 0 0 0 0 0 0 0 0 0 0 0 0 0 0 0 0 0 
0 0 0 0 0 0 0 0 0 0 0 0 0 0 0 0 0 0 0 0 0 0 0 0 675.8077703 4172.967226 4513.155468 4437.436648 4684.011986 4638.24281 4436.395118 4410.173085 4624.51376 4512.28383 4246.143039 4142.785668 4540.091604 4435.063019 4390.162646 4395.576289 4460.741348 4385.585702 4425.705081 4550.040446 4452.432368 4141.965611 4308.527771 4466.831305 4389.46527 4661.077143 4651.393984 4299.495809 4474.940917 4526.488509 4313.964883 4810.100051 4157.735005 4279.152393 4206.112823 4345.086051 4585.594243 4195.974318 4107.444286 3892.749419 4567.779098 4267.748847 4341.301163 4201.076979 4371.028135 4199.967005 4609.796903 4628.296342 4094.558398 4403.591943 4387.261567 354.7910489 0 0 0 0 0 0 0 0 0 0 0 0 0 0 0 0 0 0 0 0 0 0 0 0 
0 0 0 0 0 0 0 0 0 0 0 0 0 0 0 0 0 0 0 0 0 0 0 0 491.9318263 4563.362511 4557.718396 4584.621259 4594.102383 4698.511007 4391.370282 4500.943244 4547.433074 4527.348957 4377.669182 4449.649152 4819.669499 4488.525617 4246.821211 4443.916412 4611.681586 4556.132059 4613.279975 4328.023811 4143.60136 4418.00244 4344.201495 4276.148454 4364.711475 4396.264164 4202.594648 4720.696496 4347.518762 4429.594077 4457.819132 4498.608572 4285.670317 4295.027841 4290.514658 4371.545559 4387.906036 4274.761265 4536.048179 4645.275986 4349.566203 4656.982757 4673.226026 4632.259642 4474.118873 4511.110108 4427.421228 4626.577461 4734.193563 4413.682537 4547.936878 467.3654448 0 0 0 0 0 0 0 0 0 0 0 0 0 0 0 0 0 0 0 0 0 0 0 0 
0 0 0 0 0 0 0 0 0 0 0 0 0 0 0 0 0 0 0 0 0 0 0 0 863.3294993 4154.21515 4496.996235 4599.244313 4362.520998 4504.515147 4589.786043 4616.120024 4765.248818 4373.057849 4515.408919 4846.647284 4416.655152 4341.229303 4422.993588 4380.836229 4330.473325 4503.176267 4296.733053 4215.955925 4155.686547 4687.613678 4367.406144 4784.29626 4494.83017 4465.546411 4232.453607 4401.341008 4100.633798 4553.501571 4481.131562 4190.590844 4447.310904 4561.67818 4429.171147 4279.86949 4455.571006 4170.939261 4337.908835 4293.953222 4208.178874 4264.463125 4174.916635 4591.78697 4376.51913 4428.421609 4540.241602 4165.267827 4505.231814 4248.613763 4411.32926 850.2884796 0 0 0 0 0 0 0 0 0 0 0 0 0 0 0 0 0 0 0 0 0 0 0 0 
0 0 0 0 0 0 0 0 0 0 0 0 0 0 0 0 0 0 0 0 0 0 0 0 679.9650866 4331.462139 4605.526327 4303.281639 4387.456874 4574.792136 4683.248537 4495.430322 4428.14573 4497.853669 4148.656898 4429.707522 4270.238932 4381.02196 4460.308155 4340.892597 4581.73531 4841.00937 4330.379734 4290.583353 4490.902075 4013.900536 4366.518404 4415.275658 4373.273891 3796.91239 4491.96368 4221.471937 4316.368888 4486.428161 4686.143281 4331.54327 4452.018959 4330.416537 4508.481503 4265.836266 4427.18462 4441.414943 4257.865189 4324.662823 4299.141087 4427.61134 4601.016014 4590.767554 4418.894561 4317.731281 4441.51989 4287.355705 4381.69366 4347.509614 4413.503658 878.7076016 0 0 0 0 0 0 0 0 0 0 0 0 0 0 0 0 0 0 0 0 0 0 0 0 
0 0 0 0 0 0 0 0 0 0 0 0 0 0 0 0 0 0 0 0 0 0 0 0 491.7469904 4383.226595 4699.693509 4461.753442 4877.590912 4346.915808 4433.472282 4284.844707 4307.591298 4309.316968 4545.273803 4391.025076 4430.581078 4374.935612 4485.036026 4617.52477 4298.334273 4504.963093 4490.958925 4619.225509 4361.803466 4299.349185 4261.730631 4353.227932 4496.299086 4475.264904 4650.931425 4232.851091 4253.657937 4726.401472 4317.331951 4370.757318 4657.597914 4371.574089 4371.105113 4284.024245 4490.230552 4325.709444 4604.878544 4395.073314 4454.209891 4547.610781 4343.492857 4524.20391 4401.735244 4726.798593 4640.271633 4166.747396 4248.077454 4415.455591 4258.979723 355.8998981 0 0 0 0 0 0 0 0 0 0 0 0 0 0 0 0 0 0 0 0 0 0 0 0 
0 0 0 0 0 0 0 0 0 0 0 0 0 0 0 0 0 0 0 0 0 0 0 0 599.8331144 4526.626401 4679.175282 4229.066978 4433.380632 4342.611921 4465.464516 4694.532644 4511.614006 4387.541387 4159.422187 4365.697468 4576.415406 4556.655979 4386.339788 4481.258343 4338.589889 4283.782371 4462.329991 4377.473892 4633.752215 4273.972469 4500.857147 4350.708664 4338.398733 4347.886904 4296.203079 4495.963596 4404.528489 4540.808971 4618.778267 4304.276489 4475.039573 4234.031083 4262.974178 4286.529779 4494.59947 4185.551576 4418.256723 4591.519986 4452.464503 4537.687988 4222.675291 4560.847237 4331.202208 4106.203752 4272.534075 4403.855424 4380.361285 4663.599042 4454.140602 817.7186316 0 0 0 0 0 0 0 0 0 0 0 0 0 0 0 0 0 0 0 0 0 0 0 0 
0 0 0 0 0 0 0 0 0 0 0 0 0 0 0 0 0 0 0 0 0 0 0 0 590.7827116 4627.115274 4275.86156 4414.80225 4442.104521 4519.717116 4583.447135 4577.628743 4571.029745 4599.151721 4408.669087 4232.347623 4407.8427 4554.257088 4428.785337 4767.806192 4564.649898 4444.826277 4270.385999 4398.533658 4417.255513 4394.656434 4582.596733 4242.081713 4283.440819 4546.241511 4480.912296 4294.903479 4712.332357 4558.429377 4371.825932 4454.308629 4176.451177 4452.501401 4663.228922 4091.183485 4463.812493 4367.14206 4372.04942 4266.245682 4542.859233 4302.597815 4263.275142 4512.198807 4477.695423 4507.261459 4520.573668 4489.892854 4116.845774 4526.710068 4312.790903 675.3489139 0 0 0 0 0 0 0 0 0 0 0 0 0 0 0 0 0 0 0 0 0 0 0 0 
0 0 0 0 0 0 0 0 0 0 0 0 0 0 0 0 0 0 0 0 0 0 0 0 473.5039347 4195.047778 4452.443732 4387.832537 4613.862134 4879.474733 4559.825673 4578.828803 4152.946217 4309.998416 4238.045008 4425.879239 4381.160892 4601.783807 4539.587887 4524.002768 4538.106602 4596.682459 4558.331336 4355.395003 4569.296986 4212.001483 4362.235609 4463.822537 4472.315848 4364.980222 4277.744031 4759.332788 4515.218518 4349.671357 4586.091701 4477.640919 4774.651169 4381.12388 4251.561379 4365.983339 4132.137769 4589.143318 4357.872698 4506.58061 4357.210167 4392.41101 4589.386338 4423.495982 4459.555967 4698.327464 4679.782048 4317.617556 4299.035515 4313.120507 4113.571805 485.1796993 0 0 0 0 0 0 0 0 0 0 0 0 0 0 0 0 0 0 0 0 0 0 0 0 
0 0 0 0 0 0 0 0 0 0 0 0 0 0 0 0 0 0 0 0 0 0 0 0 882.0798591 4385.728773 4303.800043 4541.577934 4635.677716 4338.223469 4500.244882 4467.679547 4460.496302 4326.161436 4499.225167 4388.811743 4470.290214 4288.593733 4382.846 4497.241598 4479.718836 4274.219423 4533.441472 4511.555946 4478.915367 4434.644305 4177.618072 4491.509973 4576.817481 4225.086873 4413.399727 4866.28507 4629.968713 4336.466805 4354.337737 4557.142133 4366.773241 4120.882546 4813.490245 4349.144927 4316.866315 4312.337649 4368.970933 4032.648365 4451.277709 4436.828933 4305.407535 4539.746339 4532.947204 4631.523425 4106.855632 4195.95072 4392.024308 4643.562956 4514.542393 640.8819408 0 0 0 0 0 0 0 0 0 0 0 0 0 0 0 0 0 0 0 0 0 0 0 0 
0 0 0 0 0 0 0 0 0 0 0 0 0 0 0 0 0 0 0 0 0 0 0 0 494.1605932 3836.244856 3798.437566 3598.2729 3401.943343 3637.059077 3791.708435 3727.358153 3706.070973 3614.392732 3908.383676 3465.582646 3432.386833 3619.342893 3714.814479 3643.135469 3702.234213 3495.017666 3642.946348 3757.009959 3569.350533 3752.851204 3734.621961 3734.956009 3745.224866 3486.812124 3759.115042 3508.042874 3345.908826 3570.716221 3502.323202 3579.248142 3187.370573 3409.727605 3762.131065 3899.112018 3408.77986 3808.331527 3651.873439 3531.219127 3460.636308 3327.16514 3667.097867 3593.384165 3482.935389 3596.256358 3767.896484 3515.064673 3627.758959 3639.613571 3313.49969 806.5107216 0 0 0 0 0 0 0 0 0 0 0 0 0 0 0 0 0 0 0 0 0 0 0 0 
0 0 0 0 0 0 0 0 0 0 0 0 0 0 0 0 0 0 0 0 0 0 0 0 0 0 0 0 0 0 0 0 0 0 0 0 0 0 0 0 0 0 0 0 0 0 0 0 0 0 0 0 0 0 0 0 0 0 0 0 0 0 0 0 0 0 0 0 0 0 0 0 0 0 0 0 0 0 0 0 0 0 0 0 0 0 0 0 0 0 0 0 0 0 0 0 0 0 0 0 
0 0 0 0 0 0 0 0 0 0 0 0 0 0 0 0 0 0 0 0 0 0 0 0 0 0 0 0 0 0 0 0 0 0 0 0 0 0 0 0 0 0 0 0 0 0 0 0 0 0 0 0 0 0 0 0 0 0 0 0 0 0 0 0 0 0 0 0 0 0 0 0 0 0 0 0 0 0 0 0 0 0 0 0 0 0 0 0 0 0 0 0 0 0 0 0 0 0 0 0 
0 0 0 0 0 0 0 0 0 0 0 0 0 0 0 0 0 0 0 0 0 0 0 0 0 0 0 0 0 0 0 0 0 0 0 0 0 0 0 0 0 0 0 0 0 0 0 0 0 0 0 0 0 0 0 0 0 0 0 0 0 0 0 0 0 0 0 0 0 0 0 0 0 0 0 0 0 0 0 0 0 0 0 0 0 0 0 0 0 0 0 0 0 0 0 0 0 0 0 0 
0 0 0 0 0 0 0 0 0 0 0 0 0 0 0 0 0 0 0 0 0 0 0 0 0 0 0 0 0 0 0 0 0 0 0 0 0 0 0 0 0 0 0 0 0 0 0 0 0 0 0 0 0 0 0 0 0 0 0 0 0 0 0 0 0 0 0 0 0 0 0 0 0 0 0 0 0 0 0 0 0 0 0 0 0 0 0 0 0 0 0 0 0 0 0 0 0 0 0 0 
0 0 0 0 0 0 0 0 0 0 0 0 0 0 0 0 0 0 0 0 0 0 0 0 0 0 0 0 0 0 0 0 0 0 0 0 0 0 0 0 0 0 0 0 0 0 0 0 0 0 0 0 0 0 0 0 0 0 0 0 0 0 0 0 0 0 0 0 0 0 0 0 0 0 0 0 0 0 0 0 0 0 0 0 0 0 0 0 0 0 0 0 0 0 0 0 0 0 0 0 
0 0 0 0 0 0 0 0 0 0 0 0 0 0 0 0 0 0 0 0 0 0 0 0 0 0 0 0 0 0 0 0 0 0 0 0 0 0 0 0 0 0 0 0 0 0 0 0 0 0 0 0 0 0 0 0 0 0 0 0 0 0 0 0 0 0 0 0 0 0 0 0 0 0 0 0 0 0 0 0 0 0 0 0 0 0 0 0 0 0 0 0 0 0 0 0 0 0 0 0 
0 0 0 0 0 0 0 0 0 0 0 0 0 0 0 0 0 0 0 0 0 0 0 0 0 0 0 0 0 0 0 0 0 0 0 0 0 0 0 0 0 0 0 0 0 0 0 0 0 0 0 0 0 0 0 0 0 0 0 0 0 0 0 0 0 0 0 0 0 0 0 0 0 0 0 0 0 0 0 0 0 0 0 0 0 0 0 0 0 0 0 0 0 0 0 0 0 0 0 0 
0 0 0 0 0 0 0 0 0 0 0 0 0 0 0 0 0 0 0 0 0 0 0 0 0 0 0 0 0 0 0 0 0 0 0 0 0 0 0 0 0 0 0 0 0 0 0 0 0 0 0 0 0 0 0 0 0 0 0 0 0 0 0 0 0 0 0 0 0 0 0 0 0 0 0 0 0 0 0 0 0 0 0 0 0 0 0 0 0 0 0 0 0 0 0 0 0 0 0 0 
0 0 0 0 0 0 0 0 0 0 0 0 0 0 0 0 0 0 0 0 0 0 0 0 0 0 0 0 0 0 0 0 0 0 0 0 0 0 0 0 0 0 0 0 0 0 0 0 0 0 0 0 0 0 0 0 0 0 0 0 0 0 0 0 0 0 0 0 0 0 0 0 0 0 0 0 0 0 0 0 0 0 0 0 0 0 0 0 0 0 0 0 0 0 0 0 0 0 0 0 
0 0 0 0 0 0 0 0 0 0 0 0 0 0 0 0 0 0 0 0 0 0 0 0 0 0 0 0 0 0 0 0 0 0 0 0 0 0 0 0 0 0 0 0 0 0 0 0 0 0 0 0 0 0 0 0 0 0 0 0 0 0 0 0 0 0 0 0 0 0 0 0 0 0 0 0 0 0 0 0 0 0 0 0 0 0 0 0 0 0 0 0 0 0 0 0 0 0 0 0 
0 0 0 0 0 0 0 0 0 0 0 0 0 0 0 0 0 0 0 0 0 0 0 0 0 0 0 0 0 0 0 0 0 0 0 0 0 0 0 0 0 0 0 0 0 0 0 0 0 0 0 0 0 0 0 0 0 0 0 0 0 0 0 0 0 0 0 0 0 0 0 0 0 0 0 0 0 0 0 0 0 0 0 0 0 0 0 0 0 0 0 0 0 0 0 0 0 0 0 0 
0 0 0 0 0 0 0 0 0 0 0 0 0 0 0 0 0 0 0 0 0 0 0 0 0 0 0 0 0 0 0 0 0 0 0 0 0 0 0 0 0 0 0 0 0 0 0 0 0 0 0 0 0 0 0 0 0 0 0 0 0 0 0 0 0 0 0 0 0 0 0 0 0 0 0 0 0 0 0 0 0 0 0 0 0 0 0 0 0 0 0 0 0 0 0 0 0 0 0 0 
0 0 0 0 0 0 0 0 0 0 0 0 0 0 0 0 0 0 0 0 0 0 0 0 0 0 0 0 0 0 0 0 0 0 0 0 0 0 0 0 0 0 0 0 0 0 0 0 0 0 0 0 0 0 0 0 0 0 0 0 0 0 0 0 0 0 0 0 0 0 0 0 0 0 0 0 0 0 0 0 0 0 0 0 0 0 0 0 0 0 0 0 0 0 0 0 0 0 0 0 
0 0 0 0 0 0 0 0 0 0 0 0 0 0 0 0 0 0 0 0 0 0 0 0 0 0 0 0 0 0 0 0 0 0 0 0 0 0 0 0 0 0 0 0 0 0 0 0 0 0 0 0 0 0 0 0 0 0 0 0 0 0 0 0 0 0 0 0 0 0 0 0 0 0 0 0 0 0 0 0 0 0 0 0 0 0 0 0 0 0 0 0 0 0 0 0 0 0 0 0 
0 0 0 0 0 0 0 0 0 0 0 0 0 0 0 0 0 0 0 0 0 0 0 0 0 0 0 0 0 0 0 0 0 0 0 0 0 0 0 0 0 0 0 0 0 0 0 0 0 0 0 0 0 0 0 0 0 0 0 0 0 0 0 0 0 0 0 0 0 0 0 0 0 0 0 0 0 0 0 0 0 0 0 0 0 0 0 0 0 0 0 0 0 0 0 0 0 0 0 0 
0 0 0 0 0 0 0 0 0 0 0 0 0 0 0 0 0 0 0 0 0 0 0 0 0 0 0 0 0 0 0 0 0 0 0 0 0 0 0 0 0 0 0 0 0 0 0 0 0 0 0 0 0 0 0 0 0 0 0 0 0 0 0 0 0 0 0 0 0 0 0 0 0 0 0 0 0 0 0 0 0 0 0 0 0 0 0 0 0 0 0 0 0 0 0 0 0 0 0 0 
0 0 0 0 0 0 0 0 0 0 0 0 0 0 0 0 0 0 0 0 0 0 0 0 0 0 0 0 0 0 0 0 0 0 0 0 0 0 0 0 0 0 0 0 0 0 0 0 0 0 0 0 0 0 0 0 0 0 0 0 0 0 0 0 0 0 0 0 0 0 0 0 0 0 0 0 0 0 0 0 0 0 0 0 0 0 0 0 0 0 0 0 0 0 0 0 0 0 0 0 
0 0 0 0 0 0 0 0 0 0 0 0 0 0 0 0 0 0 0 0 0 0 0 0 0 0 0 0 0 0 0 0 0 0 0 0 0 0 0 0 0 0 0 0 0 0 0 0 0 0 0 0 0 0 0 0 0 0 0 0 0 0 0 0 0 0 0 0 0 0 0 0 0 0 0 0 0 0 0 0 0 0 0 0 0 0 0 0 0 0 0 0 0 0 0 0 0 0 0 0 
0 0 0 0 0 0 0 0 0 0 0 0 0 0 0 0 0 0 0 0 0 0 0 0 0 0 0 0 0 0 0 0 0 0 0 0 0 0 0 0 0 0 0 0 0 0 0 0 0 0 0 0 0 0 0 0 0 0 0 0 0 0 0 0 0 0 0 0 0 0 0 0 0 0 0 0 0 0 0 0 0 0 0 0 0 0 0 0 0 0 0 0 0 0 0 0 0 0 0 0 
0 0 0 0 0 0 0 0 0 0 0 0 0 0 0 0 0 0 0 0 0 0 0 0 0 0 0 0 0 0 0 0 0 0 0 0 0 0 0 0 0 0 0 0 0 0 0 0 0 0 0 0 0 0 0 0 0 0 0 0 0 0 0 0 0 0 0 0 0 0 0 0 0 0 0 0 0 0 0 0 0 0 0 0 0 0 0 0 0 0 0 0 0 0 0 0 0 0 0 0 
0 0 0 0 0 0 0 0 0 0 0 0 0 0 0 0 0 0 0 0 0 0 0 0 0 0 0 0 0 0 0 0 0 0 0 0 0 0 0 0 0 0 0 0 0 0 0 0 0 0 0 0 0 0 0 0 0 0 0 0 0 0 0 0 0 0 0 0 0 0 0 0 0 0 0 0 0 0 0 0 0 0 0 0 0 0 0 0 0 0 0 0 0 0 0 0 0 0 0 0 
0 0 0 0 0 0 0 0 0 0 0 0 0 0 0 0 0 0 0 0 0 0 0 0 0 0 0 0 0 0 0 0 0 0 0 0 0 0 0 0 0 0 0 0 0 0 0 0 0 0 0 0 0 0 0 0 0 0 0 0 0 0 0 0 0 0 0 0 0 0 0 0 0 0 0 0 0 0 0 0 0 0 0 0 0 0 0 0 0 0 0 0 0 0 0 0 0 0 0 0 
0 0 0 0 0 0 0 0 0 0 0 0 0 0 0 0 0 0 0 0 0 0 0 0 0 0 0 0 0 0 0 0 0 0 0 0 0 0 0 0 0 0 0 0 0 0 0 0 0 0 0 0 0 0 0 0 0 0 0 0 0 0 0 0 0 0 0 0 0 0 0 0 0 0 0 0 0 0 0 0 0 0 0 0 0 0 0 0 0 0 0 0 0 0 0 0 0 0 0 0 
0 0 0 0 0 0 0 0 0 0 0 0 0 0 0 0 0 0 0 0 0 0 0 0 0 0 0 0 0 0 0 0 0 0 0 0 0 0 0 0 0 0 0 0 0 0 0 0 0 0 0 0 0 0 0 0 0 0 0 0 0 0 0 0 0 0 0 0 0 0 0 0 0 0 0 0 0 0 0 0 0 0 0 0 0 0 0 0 0 0 0 0 0 0 0 0 0 0 0 0 
0 0 0 0 0 0 0 0 0 0 0 0 0 0 0 0 0 0 0 0 0 0 0 0 0 0 0 0 0 0 0 0 0 0 0 0 0 0 0 0 0 0 0 0 0 0 0 0 0 0 0 0 0 0 0 0 0 0 0 0 0 0 0 0 0 0 0 0 0 0 0 0 0 0 0 0 0 0 0 0 0 0 0 0 0 0 0 0 0 0 0 0 0 0 0 0 0 0 0 0 
0 0 0 0 0 0 0 0 0 0 0 0 0 0 0 0 0 0 0 0 0 0 0 0 0 0 0 0 0 0 0 0 0 0 0 0 0 0 0 0 0 0 0 0 0 0 0 0 0 0 0 0 0 0 0 0 0 0 0 0 0 0 0 0 0 0 0 0 0 0 0 0 0 0 0 0 0 0 0 0 0 0 0 0 0 0 0 0 0 0 0 0 0 0 0 0 0 0 0 0 
0 0 0 0 0 0 0 0 0 0 0 0 0 0 0 0 0 0 0 0 0 0 0 0 0 0 0 0 0 0 0 0 0 0 0 0 0 0 0 0 0 0 0 0 0 0 0 0 0 0 0 0 0 0 0 0 0 0 0 0 0 0 0 0 0 0 0 0 0 0 0 0 0 0 0 0 0 0 0 0 0 0 0 0 0 0 0 0 0 0 0 0 0 0 0 0 0 0 0 0 
0 0 0 0 0 0 0 0 0 0 0 0 0 0 0 0 0 0 0 0 0 0 0 0 0 0 0 0 0 0 0 0 0 0 0 0 0 0 0 0 0 0 0 0 0 0 0 0 0 0 0 0 0 0 0 0 0 0 0 0 0 0 0 0 0 0 0 0 0 0 0 0 0 0 0 0 0 0 0 0 0 0 0 0 0 0 0 0 0 0 0 0 0 0 0 0 0 0 0 0 
0 0 0 0 0 0 0 0 0 0 0 0 0 0 0 0 0 0 0 0 0 0 0 0 0 0 0 0 0 0 0 0 0 0 0 0 0 0 0 0 0 0 0 0 0 0 0 0 0 0 0 0 0 0 0 0 0 0 0 0 0 0 0 0 0 0 0 0 0 0 0 0 0 0 0 0 0 0 0 0 0 0 0 0 0 0 0 0 0 0 0 0 0 0 0 0 0 0 0 0 
0 0 0 0 0 0 0 0 0 0 0 0 0 0 0 0 0 0 0 0 0 0 0 0 0 0 0 0 0 0 0 0 0 0 0 0 0 0 0 0 0 0 0 0 0 0 0 0 0 0 0 0 0 0 0 0 0 0 0 0 0 0 0 0 0 0 0 0 0 0 0 0 0 0 0 0 0 0 0 0 0 0 0 0 0 0 0 0 0 0 0 0 0 0 0 0 0 0 0 0 
0 0 0 0 0 0 0 0 0 0 0 0 0 0 0 0 0 0 0 0 0 0 0 0 0 0 0 0 0 0 0 0 0 0 0 0 0 0 0 0 0 0 0 0 0 0 0 0 0 0 0 0 0 0 0 0 0 0 0 0 0 0 0 0 0 0 0 0 0 0 0 0 0 0 0 0 0 0 0 0 0 0 0 0 0 0 0 0 0 0 0 0 0 0 0 0 0 0 0 0 
0 0 0 0 0 0 0 0 0 0 0 0 0 0 0 0 0 0 0 0 0 0 0 0 0 0 0 0 0 0 0 0 0 0 0 0 0 0 0 0 0 0 0 0 0 0 0 0 0 0 0 0 0 0 0 0 0 0 0 0 0 0 0 0 0 0 0 0 0 0 0 0 0 0 0 0 0 0 0 0 0 0 0 0 0 0 0 0 0 0 0 0 0 0 0 0 0 0 0 0 
0 0 0 0 0 0 0 0 0 0 0 0 0 0 0 0 0 0 0 0 0 0 0 0 0 0 0 0 0 0 0 0 0 0 0 0 0 0 0 0 0 0 0 0 0 0 0 0 0 0 0 0 0 0 0 0 0 0 0 0 0 0 0 0 0 0 0 0 0 0 0 0 0 0 0 0 0 0 0 0 0 0 0 0 0 0 0 0 0 0 0 0 0 0 0 0 0 0 0 0 
# Events [psd3/psd3.dat] N:
0 0 0 0 0 0 0 0 0 0 0 0 0 0 0 0 0 0 0 0 0 0 0 0 0 0 0 0 0 0 0 0 0 0 0 0 0 0 0 0 0 0 0 0 0 0 0 0 0 0 0 0 0 0 0 0 0 0 0 0 0 0 0 0 0 0 0 0 0 0 0 0 0 0 0 0 0 0 0 0 0 0 0 0 0 0 0 0 0 0 0 0 0 0 0 0 0 0 0 0 
0 0 0 0 0 0 0 0 0 0 0 0 0 0 0 0 0 0 0 0 0 0 0 0 0 0 0 0 0 0 0 0 0 0 0 0 0 0 0 0 0 0 0 0 0 0 0 0 0 0 0 0 0 0 0 0 0 0 0 0 0 0 0 0 0 0 0 0 0 0 0 0 0 0 0 0 0 0 0 0 0 0 0 0 0 0 0 0 0 0 0 0 0 0 0 0 0 0 0 0 
0 0 0 0 0 0 0 0 0 0 0 0 0 0 0 0 0 0 0 0 0 0 0 0 0 0 0 0 0 0 0 0 0 0 0 0 0 0 0 0 0 0 0 0 0 0 0 0 0 0 0 0 0 0 0 0 0 0 0 0 0 0 0 0 0 0 0 0 0 0 0 0 0 0 0 0 0 0 0 0 0 0 0 0 0 0 0 0 0 0 0 0 0 0 0 0 0 0 0 0 
0 0 0 0 0 0 0 0 0 0 0 0 0 0 0 0 0 0 0 0 0 0 0 0 0 0 0 0 0 0 0 0 0 0 0 0 0 0 0 0 0 0 0 0 0 0 0 0 0 0 0 0 0 0 0 0 0 0 0 0 0 0 0 0 0 0 0 0 0 0 0 0 0 0 0 0 0 0 0 0 0 0 0 0 0 0 0 0 0 0 0 0 0 0 0 0 0 0 0 0 
0 0 0 0 0 0 0 0 0 0 0 0 0 0 0 0 0 0 0 0 0 0 0 0 0 0 0 0 0 0 0 0 0 0 0 0 0 0 0 0 0 0 0 0 0 0 0 0 0 0 0 0 0 0 0 0 0 0 0 0 0 0 0 0 0 0 0 0 0 0 0 0 0 0 0 0 0 0 0 0 0 0 0 0 0 0 0 0 0 0 0 0 0 0 0 0 0 0 0 0 
0 0 0 0 0 0 0 0 0 0 0 0 0 0 0 0 0 0 0 0 0 0 0 0 0 0 0 0 0 0 0 0 0 0 0 0 0 0 0 0 0 0 0 0 0 0 0 0 0 0 0 0 0 0 0 0 0 0 0 0 0 0 0 0 0 0 0 0 0 0 0 0 0 0 0 0 0 0 0 0 0 0 0 0 0 0 0 0 0 0 0 0 0 0 0 0 0 0 0 0 
0 0 0 0 0 0 0 0 0 0 0 0 0 0 0 0 0 0 0 0 0 0 0 0 0 0 0 0 0 0 0 0 0 0 0 0 0 0 0 0 0 0 0 0 0 0 0 0 0 0 0 0 0 0 0 0 0 0 0 0 0 0 0 0 0 0 0 0 0 0 0 0 0 0 0 0 0 0 0 0 0 0 0 0 0 0 0 0 0 0 0 0 0 0 0 0 0 0 0 0 
0 0 0 0 0 0 0 0 0 0 0 0 0 0 0 0 0 0 0 0 0 0 0 0 0 0 0 0 0 0 0 0 0 0 0 0 0 0 0 0 0 0 0 0 0 0 0 0 0 0 0 0 0 0 0 0 0 0 0 0 0 0 0 0 0 0 0 0 0 0 0 0 0 0 0 0 0 0 0 0 0 0 0 0 0 0 0 0 0 0 0 0 0 0 0 0 0 0 0 0 
0 0 0 0 0 0 0 0 0 0 0 0 0 0 0 0 0 0 0 0 0 0 0 0 0 0 0 0 0 0 0 0 0 0 0 0 0 0 0 0 0 0 0 0 0 0 0 0 0 0 0 0 0 0 0 0 0 0 0 0 0 0 0 0 0 0 0 0 0 0 0 0 0 0 0 0 0 0 0 0 0 0 0 0 0 0 0 0 0 0 0 0 0 0 0 0 0 0 0 0 
0 0 0 0 0 0 0 0 0 0 0 0 0 0 0 0 0 0 0 0 0 0 0 0 0 0 0 0 0 0 0 0 0 0 0 0 0 0 0 0 0 0 0 0 0 0 0 0 0 0 0 0 0 0 0 0 0 0 0 0 0 0 0 0 0 0 0 0 0 0 0 0 0 0 0 0 0 0 0 0 0 0 0 0 0 0 0 0 0 0 0 0 0 0 0 0 0 0 0 0 
0 0 0 0 0 0 0 0 0 0 0 0 0 0 0 0 0 0 0 0 0 0 0 0 0 0 0 0 0 0 0 0 0 0 0 0 0 0 0 0 0 0 0 0 0 0 0 0 0 0 0 0 0 0 0 0 0 0 0 0 0 0 0 0 0 0 0 0 0 0 0 0 0 0 0 0 0 0 0 0 0 0 0 0 0 0 0 0 0 0 0 0 0 0 0 0 0 0 0 0 
0 0 0 0 0 0 0 0 0 0 0 0 0 0 0 0 0 0 0 0 0 0 0 0 0 0 0 0 0 0 0 0 0 0 0 0 0 0 0 0 0 0 0 0 0 0 0 0 0 0 0 0 0 0 0 0 0 0 0 0 0 0 0 0 0 0 0 0 0 0 0 0 0 0 0 0 0 0 0 0 0 0 0 0 0 0 0 0 0 0 0 0 0 0 0 0 0 0 0 0 
0 0 0 0 0 0 0 0 0 0 0 0 0 0 0 0 0 0 0 0 0 0 0 0 0 0 0 0 0 0 0 0 0 0 0 0 0 0 0 0 0 0 0 0 0 0 0 0 0 0 0 0 0 0 0 0 0 0 0 0 0 0 0 0 0 0 0 0 0 0 0 0 0 0 0 0 0 0 0 0 0 0 0 0 0 0 0 0 0 0 0 0 0 0 0 0 0 0 0 0 
0 0 0 0 0 0 0 0 0 0 0 0 0 0 0 0 0 0 0 0 0 0 0 0 0 0 0 0 0 0 0 0 0 0 0 0 0 0 0 0 0 0 0 0 0 0 0 0 0 0 0 0 0 0 0 0 0 0 0 0 0 0 0 0 0 0 0 0 0 0 0 0 0 0 0 0 0 0 0 0 0 0 0 0 0 0 0 0 0 0 0 0 0 0 0 0 0 0 0 0 
0 0 0 0 0 0 0 0 0 0 0 0 0 0 0 0 0 0 0 0 0 0 0 0 0 0 0 0 0 0 0 0 0 0 0 0 0 0 0 0 0 0 0 0 0 0 0 0 0 0 0 0 0 0 0 0 0 0 0 0 0 0 0 0 0 0 0 0 0 0 0 0 0 0 0 0 0 0 0 0 0 0 0 0 0 0 0 0 0 0 0 0 0 0 0 0 0 0 0 0 
0 0 0 0 0 0 0 0 0 0 0 0 0 0 0 0 0 0 0 0 0 0 0 0 0 0 0 0 0 0 0 0 0 0 0 0 0 0 0 0 0 0 0 0 0 0 0 0 0 0 0 0 0 0 0 0 0 0 0 0 0 0 0 0 0 0 0 0 0 0 0 0 0 0 0 0 0 0 0 0 0 0 0 0 0 0 0 0 0 0 0 0 0 0 0 0 0 0 0 0 
0 0 0 0 0 0 0 0 0 0 0 0 0 0 0 0 0 0 0 0 0 0 0 0 0 0 0 0 0 0 0 0 0 0 0 0 0 0 0 0 0 0 0 0 0 0 0 0 0 0 0 0 0 0 0 0 0 0 0 0 0 0 0 0 0 0 0 0 0 0 0 0 0 0 0 0 0 0 0 0 0 0 0 0 0 0 0 0 0 0 0 0 0 0 0 0 0 0 0 0 
0 0 0 0 0 0 0 0 0 0 0 0 0 0 0 0 0 0 0 0 0 0 0 0 0 0 0 0 0 0 0 0 0 0 0 0 0 0 0 0 0 0 0 0 0 0 0 0 0 0 0 0 0 0 0 0 0 0 0 0 0 0 0 0 0 0 0 0 0 0 0 0 0 0 0 0 0 0 0 0 0 0 0 0 0 0 0 0 0 0 0 0 0 0 0 0 0 0 0 0 
0 0 0 0 0 0 0 0 0 0 0 0 0 0 0 0 0 0 0 0 0 0 0 0 0 0 0 0 0 0 0 0 0 0 0 0 0 0 0 0 0 0 0 0 0 0 0 0 0 0 0 0 0 0 0 0 0 0 0 0 0 0 0 0 0 0 0 0 0 0 0 0 0 0 0 0 0 0 0 0 0 0 0 0 0 0 0 0 0 0 0 0 0 0 0 0 0 0 0 0 
0 0 0 0 0 0 0 0 0 0 0 0 0 0 0 0 0 0 0 0 0 0 0 0 0 0 0 0 0 0 0 0 0 0 0 0 0 0 0 0 0 0 0 0 0 0 0 0 0 0 0 0 0 0 0 0 0 0 0 0 0 0 0 0 0 0 0 0 0 0 0 0 0 0 0 0 0 0 0 0 0 0 0 0 0 0 0 0 0 0 0 0 0 0 0 0 0 0 0 0 
0 0 0 0 0 0 0 0 0 0 0 0 0 0 0 0 0 0 0 0 0 0 0 0 0 0 0 0 0 0 0 0 0 0 0 0 0 0 0 0 0 0 0 0 0 0 0 0 0 0 0 0 0 0 0 0 0 0 0 0 0 0 0 0 0 0 0 0 0 0 0 0 0 0 0 0 0 0 0 0 0 0 0 0 0 0 0 0 0 0 0 0 0 0 0 0 0 0 0 0 
0 0 0 0 0 0 0 0 0 0 0 0 0 0 0 0 0 0 0 0 0 0 0 0 0 0 0 0 0 0 0 0 0 0 0 0 0 0 0 0 0 0 0 0 0 0 0 0 0 0 0 0 0 0 0 0 0 0 0 0 0 0 0 0 0 0 0 0 0 0 0 0 0 0 0 0 0 0 0 0 0 0 0 0 0 0 0 0 0 0 0 0 0 0 0 0 0 0 0 0 
0 0 0 0 0 0 0 0 0 0 0 0 0 0 0 0 0 0 0 0 0 0 0 0 0 0 0 0 0 0 0 0 0 0 0 0 0 0 0 0 0 0 0 0 0 0 0 0 0 0 0 0 0 0 0 0 0 0 0 0 0 0 0 0 0 0 0 0 0 0 0 0 0 0 0 0 0 0 0 0 0 0 0 0 0 0 0 0 0 0 0 0 0 0 0 0 0 0 0 0 
0 0 0 0 0 0 0 0 0 0 0 0 0 0 0 0 0 0 0 0 0 0 0 0 0 0 0 0 0 0 0 0 0 0 0 0 0 0 0 0 0 0 0 0 0 0 0 0 0 0 0 0 0 0 0 0 0 0 0 0 0 0 0 0 0 0 0 0 0 0 0 0 0 0 0 0 0 0 0 0 0 0 0 0 0 0 0 0 0 0 0 0 0 0 0 0 0 0 0 0 
0 0 0 0 0 0 0 0 0 0 0 0 0 0 0 0 0 0 0 0 0 0 0 0 0 0 0 0 0 0 0 0 0 0 0 0 0 0 0 0 0 0 0 0 0 0 0 0 0 0 0 0 0 0 0 0 0 0 0 0 0 0 0 0 0 0 0 0 0 0 0 0 0 0 0 0 0 0 0 0 0 0 0 0 0 0 0 0 0 0 0 0 0 0 0 0 0 0 0 0 
0 0 0 0 0 0 0 0 0 0 0 0 0 0 0 0 0 0 0 0 0 0 0 0 0 0 0 0 0 0 0 0 0 0 0 0 0 0 0 0 0 0 0 0 0 0 0 0 0 0 0 0 0 0 0 0 0 0 0 0 0 0 0 0 0 0 0 0 0 0 0 0 0 0 0 0 0 0 0 0 0 0 0 0 0 0 0 0 0 0 0 0 0 0 0 0 0 0 0 0 
0 0 0 0 0 0 0 0 0 0 0 0 0 0 0 0 0 0 0 0 0 0 0 0 0 0 0 0 0 0 0 0 0 0 0 0 0 0 0 0 0 0 0 0 0 0 0 0 0 0 0 0 0 0 0 0 0 0 0 0 0 0 0 0 0 0 0 0 0 0 0 0 0 0 0 0 0 0 0 0 0 0 0 0 0 0 0 0 0 0 0 0 0 0 0 0 0 0 0 0 
0 0 0 0 0 0 0 0 0 0 0 0 0 0 0 0 0 0 0 0 0 0 0 0 0 0 0 0 0 0 0 0 0 0 0 0 0 0 0 0 0 0 0 0 0 0 0 0 0 0 0 0 0 0 0 0 0 0 0 0 0 0 0 0 0 0 0 0 0 0 0 0 0 0 0 0 0 0 0 0 0 0 0 0 0 0 0 0 0 0 0 0 0 0 0 0 0 0 0 0 
0 0 0 0 0 0 0 0 0 0 0 0 0 0 0 0 0 0 0 0 0 0 0 0 0 0 0 0 0 0 0 0 0 0 0 0 0 0 0 0 0 0 0 0 0 0 0 0 0 0 0 0 0 0 0 0 0 0 0 0 0 0 0 0 0 0 0 0 0 0 0 0 0 0 0 0 0 0 0 0 0 0 0 0 0 0 0 0 0 0 0 0 0 0 0 0 0 0 0 0 
0 0 0 0 0 0 0 0 0 0 0 0 0 0 0 0 0 0 0 0 0 0 0 0 0 0 0 0 0 0 0 0 0 0 0 0 0 0 0 0 0 0 0 0 0 0 0 0 0 0 0 0 0 0 0 0 0 0 0 0 0 0 0 0 0 0 0 0 0 0 0 0 0 0 0 0 0 0 0 0 0 0 0 0 0 0 0 0 0 0 0 0 0 0 0 0 0 0 0 0 
0 0 0 0 0 0 0 0 0 0 0 0 0 0 0 0 0 0 0 0 0 0 0 0 0 0 0 0 0 0 0 0 0 0 0 0 0 0 0 0 0 0 0 0 0 0 0 0 0 0 0 0 0 0 0 0 0 0 0 0 0 0 0 0 0 0 0 0 0 0 0 0 0 0 0 0 0 0 0 0 0 0 0 0 0 0 0 0 0 0 0 0 0 0 0 0 0 0 0 0 
0 0 0 0 0 0 0 0 0 0 0 0 0 0 0 0 0 0 0 0 0 0 0 0 0 0 0 0 0 0 0 0 0 0 0 0 0 0 0 0 0 0 0 0 0 0 0 0 0 0 0 0 0 0 0 0 0 0 0 0 0 0 0 0 0 0 0 0 0 0 0 0 0 0 0 0 0 0 0 0 0 0 0 0 0 0 0 0 0 0 0 0 0 0 0 0 0 0 0 0 
0 0 0 0 0 0 0 0 0 0 0 0 0 0 0 0 0 0 0 0 0 0 0 0 0 0 0 0 0 0 0 0 0 0 0 0 0 0 0 0 0 0 0 0 0 0 0 0 0 0 0 0 0 0 0 0 0 0 0 0 0 0 0 0 0 0 0 0 0 0 0 0 0 0 0 0 0 0 0 0 0 0 0 0 0 0 0 0 0 0 0 0 0 0 0 0 0 0 0 0 
0 0 0 0 0 0 0 0 0 0 0 0 0 0 0 0 0 0 0 0 0 0 0 0 6 224 210 196 228 216 222 220 211 233 204 197 235 205 200 241 218 241 222 224 215 195 213 189 223 236 210 229 256 210 197 234 219 204 232 235 211 206 239 234 226 199 191 251 207 208 219 210 227 228 205 4 0 0 0 0 0 0 0 0 0 0 0 0 0 0 0 0 0 0 0 0 0 0 0 0 
0 0 0 0 0 0 0 0 0 0 0 0 0 0 0 0 0 0 0 0 0 0 0 0 9 357 356 316 304 311 367 302 326 345 353 311 331 300 299 329 335 291 334 327 367 328 302 317 352 306 330 338 339 280 288 316 345 318 324 310 309 309 328 327 294 318 320 348 308 349 335 375 366 323 326 14 0 0 0 0 0 0 0 0 0 0 0 0 0 0 0 0 0 0 0 0 0 0 0 0 
0 0 0 0 0 0 0 0 0 0 0 0 0 0 0 0 0 0 0 0 0 0 0 0 10 298 326 317 323 338 329 355 331 307 345 337 325 309 343 305 339 338 331 326 333 342 346 330 322 318 352 343 335 310 325 347 328 309 288 350 308 333 367 301 363 295 368 347 331 346 359 324 347 340 326 10 0 0 0 0 0 0 0 0 0 0 0 0 0 0 0 0 0 0 0 0 0 0 0 0 
0 0 0 0 0 0 0 0 0 0 0 0 0 0 0 0 0 0 0 0 0 0 0 0 10 300 308 342 299 323 318 353 326 344 343 291 342 340 348 325 338 315 327 364 342 353 309 345 306 314 329 295 305 339 356 328 311 291 355 311 279 324 336 342 335 316 320 328 324 310 332 340 361 345 314 8 0 0 0 0 0 0 0 0 0 0 0 0 0 0 0 0 0 0 0 0 0 0 0 0 
0 0 0 0 0 0 0 0 0 0 0 0 0 0 0 0 0 0 0 0 0 0 0 0 8 294 346 330 338 313 314 334 324 312 345 312 332 312 304 326 319 346 345 319 343 335 339 314 277 337 315 317 327 300 346 326 334 303 310 350 310 303 320 316 354 325 321 352 292 319 321 315 316 330 316 14 0 0 0 0 0 0 0 0 0 0 0 0 0 0 0 0 0 0 0 0 0 0 0 0 
0 0 0 0 0 0 0 0 0 0 0 0 0 0 0 0 0 0 0 0 0 0 0 0 9 316 331 364 340 318 339 354 340 348 340 336 304 332 344 337 342 318 319 303 307 315 313 331 365 319 339 339 322 331 319 301 341 358 318 314 352 323 336 379 296 347 320 349 321 332 368 339 343 317 321 11 0 0 0 0 0 0 0 0 0 0 0 0 0 0 0 0 0 0 0 0 0 0 0 0 
0 0 0 0 0 0 0 0 0 0 0 0 0 0 0 0 0 0 0 0 0 0 0 0 14 334 335 358 336 333 325 351 318 349 306 316 348 367 307 329 354 338 313 319 328 293 347 332 309 320 339 320 310 307 312 333 329 330 325 348 313 320 341 346 311 342 355 332 347 327 312 328 345 366 322 13 0 0 0 0 0 0 0 0 0 0 0 0 0 0 0 0 0 0 0 0 0 0 0 0 
0 0 0 0 0 0 0 0 0 0 0 0 0 0 0 0 0 0 0 0 0 0 0 0 9 335 323 312 355 308 339 328 307 284 330 324 327 341 308 330 326 341 347 300 309 334 346 325 315 316 328 350 310 322 339 334 304 308 335 323 347 340 322 338 309 302 327 360 347 358 340 334 307 325 359 14 0 0 0 0 0 0 0 0 0 0 0 0 0 0 0 0 0 0 0 0 0 0 0 0 
0 0 0 0 0 0 0 0 0 0 0 0 0 0 0 0 0 0 0 0 0 0 0 0 9 362 368 331 324 354 327 307 325 348 350 356 318 343 333 315 312 331 324 332 312 299 297 335 342 281 303 330 322 307 368 321 333 353 286 343 337 337 303 328 328 326 327 322 360 336 357 369 365 309 323 17 0 0 0 0 0 0 0 0 0 0 0 0 0 0 0 0 0 0 0 0 0 0 0 0 
0 0 0 0 0 0 0 0 0 0 0 0 0 0 0 0 0 0 0 0 0 0 0 0 6 305 329 335 354 345 313 355 341 333 329 337 327 319 332 345 327 319 336 351 359 312 322 319 316 312 302 329 341 348 320 327 299 323 331 336 322 358 337 317 330 305 339 333 332 334 331 319 358 323 328 7 0 0 0 0 0 0 0 0 0 0 0 0 0 0 0 0 0 0 0 0 0 0 0 0 
0 0 0 0 0 0 0 0 0 0 0 0 0 0 0 0 0 0 0 0 0 0 0 0 9 332 332 326 356 342 301 327 348 326 336 360 346 320 344 360 344 329 309 350 347 337 314 312 292 329 329 317 325 344 300 323 298 303 319 316 335 319 335 315 302 338 314 332 341 305 339 351 321 333 298 15 0 0 0 0 0 0 0 0 0 0 0 0 0 0 0 0 0 0 0 0 0 0 0 0 
0 0 0 0 0 0 0 0 0 0 0 0 0 0 0 0 0 0 0 0 0 0 0 0 11 300 372 309 321 368 313 310 326 294 335 305 302 297 354 319 301 342 335 323 300 327 297 287 323 324 337 315 344 304 309 310 319 329 337 336 310 320 311 343 338 331 343 325 329 350 338 319 323 302 316 13 0 0 0 0 0 0 0 0 0 0 0 0 0 0 0 0 0 0 0 0 0 0 0 0 
0 0 0 0 0 0 0 0 0 0 0 0 0 0 0 0 0 0 0 0 0 0 0 0 8 355 344 339 340 351 337 282 315 305 307 314 307 334 286 335 302 310 332 317 341 340 310 325 320 325 284 295 332 328 326 315 326 326 326 309 339 361 327 327 323 330 314 317 327 338 335 334 327 312 323 14 0 0 0 0 0 0 0 0 0 0 0 0 0 0 0 0 0 0 0 0 0 0 0 0 
0 0 0 0 0 0 0 0 0 0 0 0 0 0 0 0 0 0 0 0 0 0 0 0 7 312 329 308 339 323 314 344 311 320 326 346 338 338 310 322 308 321 309 330 293 345 351 339 314 307 331 305 297 344 304 317 332 301 301 340 319 335 317 292 312 323 301 306 313 328 297 348 330 312 345 16 0 0 0 0 0 0 0 0 0 0 0 0 0 0 0 0 0 0 0 0 0 0 0 0 
0 0 0 0 0 0 0 0 0 0 0 0 0 0 0 0 0 0 0 0 0 0 0 0 16 297 311 334 320 335 282 312 327 313 332 336 327 316 303 323 318 335 298 296 319 312 295 277 295 305 316 320 302 314 284 341 338 323 332 295 307 266 329 340 348 316 340 350 343 327 320 304 316 317 314 8 0 0 0 0 0 0 0 0 0 0 0 0 0 0 0 0 0 0 0 0 0 0 0 0 
0 0 0 0 0 0 0 0 0 0 0 0 0 0 0 0 0 0 0 0 0 0 0 0 14 303 325 309 313 338 326 338 308 316 350 315 312 332 325 346 332 283 314 327 347 344 277 325 325 313 295 325 294 303 314 343 323 310 302 313 321 320 319 332 308 351 328 321 315 322 336 313 337 350 332 9 0 0 0 0 0 0 0 0 0 0 0 0 0 0 0 0 0 0 0 0 0 0 0 0 
0 0 0 0 0 0 0 0 0 0 0 0 0 0 0 0 0 0 0 0 0 0 0 0 10 312 317 317 304 334 329 306 337 331 306 351 327 313 322 329 338 346 335 356 358 311 303 293 314 321 327 332 291 340 333 320 314 318 310 355 301 305 347 318 349 344 332 327 339 371 324 282 335 317 324 13 0 0 0 0 0 0 0 0 0 0 0 0 0 0 0 0 0 0 0 0 0 0 0 0 
0 0 0 0 0 0 0 0 0 0 0 0 0 0 0 0 0 0 0 0 0 0 0 0 8 338 327 337 333 324 319 328 307 307 285 314 330 316 290 330 318 325 310 343 307 350 313 309 280 291 313 316 330 329 313 299 304 299 309 334 317 300 318 342 347 304 316 329 321 332 318 336 297 333 317 12 0 0 0 0 0 0 0 0 0 0 0 0 0 0 0 0 0 0 0 0 0 0 0 0 
0 0 0 0 0 0 0 0 0 0 0 0 0 0 0 0 0 0 0 0 0 0 0 0 13 306 315 334 328 361 337 332 313 334 303 324 314 302 334 276 345 321 321 307 333 353 285 313 274 319 314 342 300 364 326 318 314 302 308 314 323 341 329 292 306 310 309 308 292 326 340 322 326 315 307 10 0 0 0 0 0 0 0 0 0 0 0 0 0 0 0 0 0 0 0 0 0 0 0 0 
0 0 0 0 0 0 0 0 0 0 0 0 0 0 0 0 0 0 0 0 0 0 0 0 11 306 312 323 332 292 308 306 307 317 336 317 313 334 310 329 336 320 318 330 300 339 360 349 290 311 302 314 342 329 307 317 313 331 326 304 290 326 318 302 319 328 326 347 346 326 312 306 303 306 305 13 0 0 0 0 0 0 0 0 0 0 0 0 0 0 0 0 0 0 0 0 0 0 0 0 
0 0 0 0 0 0 0 0 0 0 0 0 0 0 0 0 0 0 0 0 0 0 0 0 8 281 308 294 327 324 331 335 323 336 310 319 328 331 355 337 327 339 271 327 313 327 344 350 292 321 323 304 317 303 316 327 298 337 335 310 311 323 341 302 293 312 348 355 356 350 285 316 326 346 293 6 0 0 0 0 0 0 0 0 0 0 0 0 0 0 0 0 0 0 0 0 0 0 0 0 
0 0 0 0 0 0 0 0 0 0 0 0 0 0 0 0 0 0 0 0 0 0 0 0 16 322 345 335 319 329 328 333 333 317 319 314 325 300 334 360 322 320 321 336 341 345 296 319 307 342 349 339 315 335 290 321 318 301 303 325 320 326 362 334 331 285 301 302 309 354 369 320 328 303 287 11 0 0 0 0 0 0 0 0 0 0 0 0 0 0 0 0 0 0 0 0 0 0 0 0 
0 0 0 0 0 0 0 0 0 0 0 0 0 0 0 0 0 0 0 0 0 0 0 0 13 301 357 349 351 367 356 340 331 334 317 305 345 334 346 315 344 289 312 333 299 319 303 364 315 303 325 364 338 325 308 327 303 316 322 312 307 321 346 302 321 349 313 331 348 314 349 369 319 324 325 13 0 0 0 0 0 0 0 0 0 0 0 0 0 0 0 0 0 0 0 0 0 0 0 0 
0 0 0 0 0 0 0 0 0 0 0 0 0 0 0 0 0 0 0 0 0 0 0 0 4 317 346 299 337 342 330 312 322 322 313 272 336 298 296 315 336 338 311 315 349 303 349 318 341 339 309 337 314 347 291 345 311 296 278 307 330 337 328 344 346 346 342 370 331 316 343 338 349 328 318 15 0 0 0 0 0 0 0 0 0 0 0 0 0 0 0 0 0 0 0 0 0 0 0 0 
0 0 0 0 0 0 0 0 0 0 0 0 0 0 0 0 0 0 0 0 0 0 0 0 12 290 316 316 349 328 319 321 335 333 302 290 326 334 336 318 339 326 322 347 322 297 297 320 342 353 353 333 331 345 333 389 292 324 315 326 349 304 288 303 363 299 336 314 307 314 334 334 313 332 326 6 0 0 0 0 0 0 0 0 0 0 0 0 0 0 0 0 0 0 0 0 0 0 0 0 
0 0 0 0 0 0 0 0 0 0 0 0 0 0 0 0 0 0 0 0 0 0 0 0 7 316 356 329 348 342 322 336 340 332 319 312 357 346 325 320 349 370 334 316 330 340 316 298 326 320 305 353 303 318 327 333 303 311 328 326 326 331 342 342 335 375 359 351 332 342 335 361 389 326 336 6 0 0 0 0 0 0 0 0 0 0 0 0 0 0 0 0 0 0 0 0 0 0 0 0 
0 0 0 0 0 0 0 0 0 0 0 0 0 0 0 0 0 0 0 0 0 0 0 0 14 286 332 352 318 362 344 362 348 341 329 354 314 313 344 306 304 338 319 320 317 366 318 365 316 324 325 316 273 328 321 287 301 342 326 333 324 286 300 318 322 315 343 335 325 325 332 313 327 317 310 13 0 0 0 0 0 0 0 0 0 0 0 0 0 0 0 0 0 0 0 0 0 0 0 0 
0 0 0 0 0 0 0 0 0 0 0 0 0 0 0 0 0 0 0 0 0 0 0 0 9 326 331 322 323 334 338 344 323 335 306 307 313 306 350 306 350 353 317 313 345 306 339 316 341 277 334 301 325 349 357 321 306 322 350 294 331 338 318 317 327 326 358 348 333 336 344 348 337 326 329 11 0 0 0 0 0 0 0 0 0 0 0 0 0 0 0 0 0 0 0 0 0 0 0 0 
0 0 0 0 0 0 0 0 0 0 0 0 0 0 0 0 0 0 0 0 0 0 0 0 7 324 343 328 388 282 320 318 325 280 331 331 322 320 323 346 329 353 298 328 324 318 317 330 304 335 330 303 310 367 340 316 344 334 322 297 326 315 322 322 341 349 336 325 365 389 376 291 327 314 324 9 0 0 0 0 0 0 0 0 0 0 0 0 0 0 0 0 0 0 0 0 0 0 0 0 
0 0 0 0 0 0 0 0 0 0 0 0 0 0 0 0 0 0 0 0 0 0 0 0 13 327 354 314 329 320 325 327 326 324 322 324 315 351 309 329 339 316 362 298 352 306 339 315 326 318 314 332 314 334 345 337 335 309 310 316 342 304 340 359 345 356 319 359 322 328 310 325 332 346 316 11 0 0 0 0 0 0 0 0 0 0 0 0 0 0 0 0 0 0 0 0 0 0 0 0 
0 0 0 0 0 0 0 0 0 0 0 0 0 0 0 0 0 0 0 0 0 0 0 0 10 343 332 333 306 323 344 323 319 352 324 309 302 334 314 357 335 344 321 300 337 343 351 289 315 335 310 301 339 338 335 318 308 335 362 315 345 336 323 326 337 331 309 353 343 354 353 341 319 333 315 14 0 0 0 0 0 0 0 0 0 0 0 0 0 0 0 0 0 0 0 0 0 0 0 0 
0 0 0 0 0 0 0 0 0 0 0 0 0 0 0 0 0 0 0 0 0 0 0 0 6 302 322 326 319 375 335 331 297 319 327 333 317 349 348 311 363 344 344 342 340 309 335 331 311 325 312 341 347 333 353 303 360 330 303 320 302 357 339 341 312 325 335 337 331 347 381 326 315 309 294 8 0 0 0 0 0 0 0 0 0 0 0 0 0 0 0 0 0 0 0 0 0 0 0 0 
0 0 0 0 0 0 0 0 0 0 0 0 0 0 0 0 0 0 0 0 0 0 0 0 11 314 301 339 334 309 332 313 333 318 319 335 326 352 322 338 336 321 351 326 324 334 314 342 326 319 336 347 343 340 316 345 327 287 370 316 323 325 309 286 346 327 324 341 354 348 318 315 326 365 338 10 0 0 0 0 0 0 0 0 0 0 0 0 0 0 0 0 0 0 0 0 0 0 0 0 
0 0 0 0 0 0 0 0 0 0 0 0 0 0 0 0 0 0 0 0 0 0 0 0 5 209 212 226 196 206 227 213 211 223 233 222 194 207 224 230 232 196 229 226 223 212 235 224 238 212 227 224 202 211 219 221 178 195 242 241 209 218 213 201 212 191 225 218 208 224 225 207 223 238 209 9 0 0 0 0 0 0 0 0 0 0 0 0 0 0 0 0 0 0 0 0 0 0 0 0 
0 0 0 0 0 0 0 0 0 0 0 0 0 0 0 0 0 0 0 0 0 0 0 0 0 0 0 0 0 0 0 0 0 0 0 0 0 0 0 0 0 0 0 0 0 0 0 0 0 0 0 0 0 0 0 0 0 0 0 0 0 0 0 0 0 0 0 0 0 0 0 0 0 0 0 0 0 0 0 0 0 0 0 0 0 0 0 0 0 0 0 0 0 0 0 0 0 0 0 0 
0 0 0 0 0 0 0 0 0 0 0 0 0 0 0 0 0 0 0 0 0 0 0 0 0 0 0 0 0 0 0 0 0 0 0 0 0 0 0 0 0 0 0 0 0 0 0 0 0 0 0 0 0 0 0 0 0 0 0 0 0 0 0 0 0 0 0 0 0 0 0 0 0 0 0 0 0 0 0 0 0 0 0 0 0 0 0 0 0 0 0 0 0 0 0 0 0 0 0 0 
0 0 0 0 0 0 0 0 0 0 0 0 0 0 0 0 0 0 0 0 0 0 0 0 0 0 0 0 0 0 0 0 0 0 0 0 0 0 0 0 0 0 0 0 0 0 0 0 0 0 0 0 0 0 0 0 0 0 0 0 0 0 0 0 0 0 0 0 0 0 0 0 0 0 0 0 0 0 0 0 0 0 0 0 0 0 0 0 0 0 0 0 0 0 0 0 0 0 0 0 
0 0 0 0 0 0 0 0 0 0 0 0 0 0 0 0 0 0 0 0 0 0 0 0 0 0 0 0 0 0 0 0 0 0 0 0 0 0 0 0 0 0 0 0 0 0 0 0 0 0 0 0 0 0 0 0 0 0 0 0 0 0 0 0 0 0 0 0 0 0 0 0 0 0 0 0 0 0 0 0 0 0 0 0 0 0 0 0 0 0 0 0 0 0 0 0 0 0 0 0 
0 0 0 0 0 0 0 0 0 0 0 0 0 0 0 0 0 0 0 0 0 0 0 0 0 0 0 0 0 0 0 0 0 0 0 0 0 0 0 0 0 0 0 0 0 0 0 0 0 0 0 0 0 0 0 0 0 0 0 0 0 0 0 0 0 0 0 0 0 0 0 0 0 0 0 0 0 0 0 0 0 0 0 0 0 0 0 0 0 0 0 0 0 0 0 0 0 0 0 0 
0 0 0 0 0 0 0 0 0 0 0 0 0 0 0 0 0 0 0 0 0 0 0 0 0 0 0 0 0 0 0 0 0 0 0 0 0 0 0 0 0 0 0 0 0 0 0 0 0 0 0 0 0 0 0 0 0 0 0 0 0 0 0 0 0 0 0 0 0 0 0 0 0 0 0 0 0 0 0 0 0 0 0 0 0 0 0 0 0 0 0 0 0 0 0 0 0 0 0 0 
0 0 0 0 0 0 0 0 0 0 0 0 0 0 0 0 0 0 0 0 0 0 0 0 0 0 0 0 0 0 0 0 0 0 0 0 0 0 0 0 0 0 0 0 0 0 0 0 0 0 0 0 0 0 0 0 0 0 0 0 0 0 0 0 0 0 0 0 0 0 0 0 0 0 0 0 0 0 0 0 0 0 0 0 0 0 0 0 0 0 0 0 0 0 0 0 0 0 0 0 
0 0 0 0 0 0 0 0 0 0 0 0 0 0 0 0 0 0 0 0 0 0 0 0 0 0 0 0 0 0 0 0 0 0 0 0 0 0 0 0 0 0 0 0 0 0 0 0 0 0 0 0 0 0 0 0 0 0 0 0 0 0 0 0 0 0 0 0 0 0 0 0 0 0 0 0 0 0 0 0 0 0 0 0 0 0 0 0 0 0 0 0 0 0 0 0 0 0 0 0 
0 0 0 0 0 0 0 0 0 0 0 0 0 0 0 0 0 0 0 0 0 0 0 0 0 0 0 0 0 0 0 0 0 0 0 0 0 0 0 0 0 0 0 0 0 0 0 0 0 0 0 0 0 0 0 0 0 0 0 0 0 0 0 0 0 0 0 0 0 0 0 0 0 0 0 0 0 0 0 0 0 0 0 0 0 0 0 0 0 0 0 0 0 0 0 0 0 0 0 0 
0 0 0 0 0 0 0 0 0 0 0 0 0 0 0 0 0 0 0 0 0 0 0 0 0 0 0 0 0 0 0 0 0 0 0 0 0 0 0 0 0 0 0 0 0 0 0 0 0 0 0 0 0 0 0 0 0 0 0 0 0 0 0 0 0 0 0 0 0 0 0 0 0 0 0 0 0 0 0 0 0 0 0 0 0 0 0 0 0 0 0 0 0 0 0 0 0 0 0 0 
0 0 0 0 0 0 0 0 0 0 0 0 0 0 0 0 0 0 0 0 0 0 0 0 0 0 0 0 0 0 0 0 0 0 0 0 0 0 0 0 0 0 0 0 0 0 0 0 0 0 0 0 0 0 0 0 0 0 0 0 0 0 0 0 0 0 0 0 0 0 0 0 0 0 0 0 0 0 0 0 0 0 0 0 0 0 0 0 0 0 0 0 0 0 0 0 0 0 0 0 
0 0 0 0 0 0 0 0 0 0 0 0 0 0 0 0 0 0 0 0 0 0 0 0 0 0 0 0 0 0 0 0 0 0 0 0 0 0 0 0 0 0 0 0 0 0 0 0 0 0 0 0 0 0 0 0 0 0 0 0 0 0 0 0 0 0 0 0 0 0 0 0 0 0 0 0 0 0 0 0 0 0 0 0 0 0 0 0 0 0 0 0 0 0 0 0 0 0 0 0 
0 0 0 0 0 0 0 0 0 0 0 0 0 0 0 0 0 0 0 0 0 0 0 0 0 0 0 0 0 0 0 0 0 0 0 0 0 0 0 0 0 0 0 0 0 0 0 0 0 0 0 0 0 0 0 0 0 0 0 0 0 0 0 0 0 0 0 0 0 0 0 0 0 0 0 0 0 0 0 0 0 0 0 0 0 0 0 0 0 0 0 0 0 0 0 0 0 0 0 0 
0 0 0 0 0 0 0 0 0 0 0 0 0 0 0 0 0 0 0 0 0 0 0 0 0 0 0 0 0 0 0 0 0 0 0 0 0 0 0 0 0 0 0 0 0 0 0 0 0 0 0 0 0 0 0 0 0 0 0 0 0 0 0 0 0 0 0 0 0 0 0 0 0 0 0 0 0 0 0 0 0 0 0 0 0 0 0 0 0 0 0 0 0 0 0 0 0 0 0 0 
0 0 0 0 0 0 0 0 0 0 0 0 0 0 0 0 0 0 0 0 0 0 0 0 0 0 0 0 0 0 0 0 0 0 0 0 0 0 0 0 0 0 0 0 0 0 0 0 0 0 0 0 0 0 0 0 0 0 0 0 0 0 0 0 0 0 0 0 0 0 0 0 0 0 0 0 0 0 0 0 0 0 0 0 0 0 0 0 0 0 0 0 0 0 0 0 0 0 0 0 
0 0 0 0 0 0 0 0 0 0 0 0 0 0 0 0 0 0 0 0 0 0 0 0 0 0 0 0 0 0 0 0 0 0 0 0 0 0 0 0 0 0 0 0 0 0 0 0 0 0 0 0 0 0 0 0 0 0 0 0 0 0 0 0 0 0 0 0 0 0 0 0 0 0 0 0 0 0 0 0 0 0 0 0 0 0 0 0 0 0 0 0 0 0 0 0 0 0 0 0 
0 0 0 0 0 0 0 0 0 0 0 0 0 0 0 0 0 0 0 0 0 0 0 0 0 0 0 0 0 0 0 0 0 0 0 0 0 0 0 0 0 0 0 0 0 0 0 0 0 0 0 0 0 0 0 0 0 0 0 0 0 0 0 0 0 0 0 0 0 0 0 0 0 0 0 0 0 0 0 0 0 0 0 0 0 0 0 0 0 0 0 0 0 0 0 0 0 0 0 0 
0 0 0 0 0 0 0 0 0 0 0 0 0 0 0 0 0 0 0 0 0 0 0 0 0 0 0 0 0 0 0 0 0 0 0 0 0 0 0 0 0 0 0 0 0 0 0 0 0 0 0 0 0 0 0 0 0 0 0 0 0 0 0 0 0 0 0 0 0 0 0 0 0 0 0 0 0 0 0 0 0 0 0 0 0 0 0 0 0 0 0 0 0 0 0 0 0 0 0 0 
0 0 0 0 0 0 0 0 0 0 0 0 0 0 0 0 0 0 0 0 0 0 0 0 0 0 0 0 0 0 0 0 0 0 0 0 0 0 0 0 0 0 0 0 0 0 0 0 0 0 0 0 0 0 0 0 0 0 0 0 0 0 0 0 0 0 0 0 0 0 0 0 0 0 0 0 0 0 0 0 0 0 0 0 0 0 0 0 0 0 0 0 0 0 0 0 0 0 0 0 
0 0 0 0 0 0 0 0 0 0 0 0 0 0 0 0 0 0 0 0 0 0 0 0 0 0 0 0 0 0 0 0 0 0 0 0 0 0 0 0 0 0 0 0 0 0 0 0 0 0 0 0 0 0 0 0 0 0 0 0 0 0 0 0 0 0 0 0 0 0 0 0 0 0 0 0 0 0 0 0 0 0 0 0 0 0 0 0 0 0 0 0 0 0 0 0 0 0 0 0 
0 0 0 0 0 0 0 0 0 0 0 0 0 0 0 0 0 0 0 0 0 0 0 0 0 0 0 0 0 0 0 0 0 0 0 0 0 0 0 0 0 0 0 0 0 0 0 0 0 0 0 0 0 0 0 0 0 0 0 0 0 0 0 0 0 0 0 0 0 0 0 0 0 0 0 0 0 0 0 0 0 0 0 0 0 0 0 0 0 0 0 0 0 0 0 0 0 0 0 0 
0 0 0 0 0 0 0 0 0 0 0 0 0 0 0 0 0 0 0 0 0 0 0 0 0 0 0 0 0 0 0 0 0 0 0 0 0 0 0 0 0 0 0 0 0 0 0 0 0 0 0 0 0 0 0 0 0 0 0 0 0 0 0 0 0 0 0 0 0 0 0 0 0 0 0 0 0 0 0 0 0 0 0 0 0 0 0 0 0 0 0 0 0 0 0 0 0 0 0 0 
0 0 0 0 0 0 0 0 0 0 0 0 0 0 0 0 0 0 0 0 0 0 0 0 0 0 0 0 0 0 0 0 0 0 0 0 0 0 0 0 0 0 0 0 0 0 0 0 0 0 0 0 0 0 0 0 0 0 0 0 0 0 0 0 0 0 0 0 0 0 0 0 0 0 0 0 0 0 0 0 0 0 0 0 0 0 0 0 0 0 0 0 0 0 0 0 0 0 0 0 
0 0 0 0 0 0 0 0 0 0 0 0 0 0 0 0 0 0 0 0 0 0 0 0 0 0 0 0 0 0 0 0 0 0 0 0 0 0 0 0 0 0 0 0 0 0 0 0 0 0 0 0 0 0 0 0 0 0 0 0 0 0 0 0 0 0 0 0 0 0 0 0 0 0 0 0 0 0 0 0 0 0 0 0 0 0 0 0 0 0 0 0 0 0 0 0 0 0 0 0 
0 0 0 0 0 0 0 0 0 0 0 0 0 0 0 0 0 0 0 0 0 0 0 0 0 0 0 0 0 0 0 0 0 0 0 0 0 0 0 0 0 0 0 0 0 0 0 0 0 0 0 0 0 0 0 0 0 0 0 0 0 0 0 0 0 0 0 0 0 0 0 0 0 0 0 0 0 0 0 0 0 0 0 0 0 0 0 0 0 0 0 0 0 0 0 0 0 0 0 0 
0 0 0 0 0 0 0 0 0 0 0 0 0 0 0 0 0 0 0 0 0 0 0 0 0 0 0 0 0 0 0 0 0 0 0 0 0 0 0 0 0 0 0 0 0 0 0 0 0 0 0 0 0 0 0 0 0 0 0 0 0 0 0 0 0 0 0 0 0 0 0 0 0 0 0 0 0 0 0 0 0 0 0 0 0 0 0 0 0 0 0 0 0 0 0 0 0 0 0 0 
0 0 0 0 0 0 0 0 0 0 0 0 0 0 0 0 0 0 0 0 0 0 0 0 0 0 0 0 0 0 0 0 0 0 0 0 0 0 0 0 0 0 0 0 0 0 0 0 0 0 0 0 0 0 0 0 0 0 0 0 0 0 0 0 0 0 0 0 0 0 0 0 0 0 0 0 0 0 0 0 0 0 0 0 0 0 0 0 0 0 0 0 0 0 0 0 0 0 0 0 
0 0 0 0 0 0 0 0 0 0 0 0 0 0 0 0 0 0 0 0 0 0 0 0 0 0 0 0 0 0 0 0 0 0 0 0 0 0 0 0 0 0 0 0 0 0 0 0 0 0 0 0 0 0 0 0 0 0 0 0 0 0 0 0 0 0 0 0 0 0 0 0 0 0 0 0 0 0 0 0 0 0 0 0 0 0 0 0 0 0 0 0 0 0 0 0 0 0 0 0 
0 0 0 0 0 0 0 0 0 0 0 0 0 0 0 0 0 0 0 0 0 0 0 0 0 0 0 0 0 0 0 0 0 0 0 0 0 0 0 0 0 0 0 0 0 0 0 0 0 0 0 0 0 0 0 0 0 0 0 0 0 0 0 0 0 0 0 0 0 0 0 0 0 0 0 0 0 0 0 0 0 0 0 0 0 0 0 0 0 0 0 0 0 0 0 0 0 0 0 0 
0 0 0 0 0 0 0 0 0 0 0 0 0 0 0 0 0 0 0 0 0 0 0 0 0 0 0 0 0 0 0 0 0 0 0 0 0 0 0 0 0 0 0 0 0 0 0 0 0 0 0 0 0 0 0 0 0 0 0 0 0 0 0 0 0 0 0 0 0 0 0 0 0 0 0 0 0 0 0 0 0 0 0 0 0 0 0 0 0 0 0 0 0 0 0 0 0 0 0 0 
0 0 0 0 0 0 0 0 0 0 0 0 0 0 0 0 0 0 0 0 0 0 0 0 0 0 0 0 0 0 0 0 0 0 0 0 0 0 0 0 0 0 0 0 0 0 0 0 0 0 0 0 0 0 0 0 0 0 0 0 0 0 0 0 0 0 0 0 0 0 0 0 0 0 0 0 0 0 0 0 0 0 0 0 0 0 0 0 0 0 0 0 0 0 0 0 0 0 0 0 
0 0 0 0 0 0 0 0 0 0 0 0 0 0 0 0 0 0 0 0 0 0 0 0 0 0 0 0 0 0 0 0 0 0 0 0 0 0 0 0 0 0 0 0 0 0 0 0 0 0 0 0 0 0 0 0 0 0 0 0 0 0 0 0 0 0 0 0 0 0 0 0 0 0 0 0 0 0 0 0 0 0 0 0 0 0 0 0 0 0 0 0 0 0 0 0 0 0 0 0 
0 0 0 0 0 0 0 0 0 0 0 0 0 0 0 0 0 0 0 0 0 0 0 0 0 0 0 0 0 0 0 0 0 0 0 0 0 0 0 0 0 0 0 0 0 0 0 0 0 0 0 0 0 0 0 0 0 0 0 0 0 0 0 0 0 0 0 0 0 0 0 0 0 0 0 0 0 0 0 0 0 0 0 0 0 0 0 0 0 0 0 0 0 0 0 0 0 0 0 0 
